-6.202057527077992916e+01
-6.195346957515175745e+01
-6.181939492875426367e+01
-6.168559347613154387e+01
-6.155206462597743666e+01
-6.141880778818267572e+01
-6.128582237387308851e+01
-6.115310779534047469e+01
-6.102066346610990877e+01
-6.088848880086698045e+01
-6.075658321549235552e+01
-6.062494612709269859e+01
-6.049357695391336165e+01
-6.036247511541114363e+01
-6.023164003220699669e+01
-6.010107112612604396e+01
-5.997076782015210483e+01
-5.984072953844952281e+01
-5.971095570633769967e+01
-5.958144575032201828e+01
-5.945219909806837677e+01
-5.932321517841774039e+01
-5.919449342134612380e+01
-5.906603325800278981e+01
-5.893783412070661143e+01
-5.880989544291696802e+01
-5.868221665922465036e+01
-5.855479720540643029e+01
-5.842763651836321515e+01
-5.830073403614369454e+01
-5.817408919793160749e+01
-5.804770144406029431e+01
-5.792157021599814470e+01
-5.779569495633040788e+01
-5.767007510879011534e+01
-5.754471011825080495e+01
-5.741959943068104621e+01
-5.729474249318445800e+01
-5.717013875400334655e+01
-5.704578766247504973e+01
-5.692168866907559277e+01
-5.679784122537785152e+01
-5.667424478405519039e+01
-5.655089879893421312e+01
-5.642780272492200311e+01
-5.630495601800976146e+01
-5.618235813531100575e+01
-5.606000853505065606e+01
-5.593790667654138815e+01
-5.581605202017453848e+01
-5.569444402745102707e+01
-5.557308216095771058e+01
-5.545196588437465834e+01
-5.533109466245878139e+01
-5.521046796105474641e+01
-5.509008524707678589e+01
-5.496994598853780190e+01
-5.485004965451116732e+01
-5.473039571514527779e+01
-5.461098364167446562e+01
-5.449181290637716302e+01
-5.437288298261228192e+01
-5.425419334480284306e+01
-5.413574346844143292e+01
-5.401753283006655693e+01
-5.389956090726082039e+01
-5.378182717871459317e+01
-5.366433112411505135e+01
-5.354707222421347979e+01
-5.343004996083254809e+01
-5.331326381681719795e+01
-5.319671327606738487e+01
-5.308039782351625036e+01
-5.296431694513921684e+01
-5.284847012795034971e+01
-5.273285686000417627e+01
-5.261747663036294398e+01
-5.250232892915119010e+01
-5.238741324749753403e+01
-5.227272907756196219e+01
-5.215827591253400897e+01
-5.204405324662002386e+01
-5.193006057504499040e+01
-5.181629739404343127e+01
-5.170276320087941713e+01
-5.158945749381382484e+01
-5.147637977211888938e+01
-5.136352953609275573e+01
-5.125090628701400419e+01
-5.113850952717257314e+01
-5.102633875987157808e+01
-5.091439348940002674e+01
-5.080267322104555205e+01
-5.069117746108895517e+01
-5.057990571680420544e+01
-5.046885749646753538e+01
-5.035803230932287988e+01
-5.024742966561098001e+01
-5.013704907655301213e+01
-5.002689005434876890e+01
-4.991695211218939221e+01
-4.980723476423008833e+01
-4.969773752560467983e+01
-4.958845991242014861e+01
-4.947940144175117894e+01
-4.937056163165652833e+01
-4.926194000114082883e+01
-4.915353607017095783e+01
-4.904534935969604703e+01
-4.893737939162019757e+01
-4.882962568879156606e+01
-4.872208777502055455e+01
-4.861476517507253448e+01
-4.850765741467694170e+01
-4.840076402048543969e+01
-4.829408452012830821e+01
-4.818761844214895973e+01
-4.808136531604759512e+01
-4.797532467229211761e+01
-4.786949604225264920e+01
-4.776387895822881546e+01
-4.765847295350249624e+01
-4.755327756224687619e+01
-4.744829231958101445e+01
-4.734351676157166366e+01
-4.723895042516778631e+01
-4.713459284825876239e+01
-4.703044356968894135e+01
-4.692650212920125341e+01
-4.682276806743175257e+01
-4.671924092597328126e+01
-4.661592024731726269e+01
-4.651280557485006284e+01
-4.640989645291119814e+01
-4.630719242670602398e+01
-4.620469304235484742e+01
-4.610239784690202214e+01
-4.600030638827774965e+01
-4.589841821532172617e+01
-4.579673287776131474e+01
-4.569524992623337312e+01
-4.559396891225514992e+01
-4.549288938823701756e+01
-4.539201090750611911e+01
-4.529133302424088470e+01
-4.519085529352014419e+01
-4.509057727132858417e+01
-4.499049851450945425e+01
-4.489061858077548095e+01
-4.479093702874888550e+01
-4.469145341791590909e+01
-4.459216730864318379e+01
-4.449307826213953376e+01
-4.439418584052327788e+01
-4.429548960677129799e+01
-4.419698912471540098e+01
-4.409868395905323268e+01
-4.400057367536282982e+01
-4.390265784007897309e+01
-4.380493602047317836e+01
-4.370740778469189536e+01
-4.361007270175832673e+01
-4.351293034150512540e+01
-4.341598027463624021e+01
-4.331922207272327796e+01
-4.322265530816730461e+01
-4.312627955420066428e+01
-4.303009438493609196e+01
-4.293409937530668685e+01
-4.283829410108592128e+01
-4.274267813888400269e+01
-4.264725106616060657e+01
-4.255201246119941061e+01
-4.245696190311537066e+01
-4.236209897186563467e+01
-4.226742324822225783e+01
-4.217293431379948743e+01
-4.207863175103739195e+01
-4.198451514316911926e+01
-4.189058407428092323e+01
-4.179683812928124098e+01
-4.170327689386976999e+01
-4.160989995459567581e+01
-4.151670689879574638e+01
-4.142369731461258198e+01
-4.133087079104734585e+01
-4.123822691787063377e+01
-4.114576528565157787e+01
-4.105348548579786438e+01
-4.096138711049752601e+01
-4.086946975274258875e+01
-4.077773300633816689e+01
-4.068617646587881609e+01
-4.059479972675217141e+01
-4.050360238514076627e+01
-4.041258403803294641e+01
-4.032174428319194703e+01
-4.023108271917226375e+01
-4.014059894532329054e+01
-4.005029256178568176e+01
-3.996016316946224833e+01
-3.987021037005797552e+01
-3.978043376605455705e+01
-3.969083296070130018e+01
-3.960140755803513457e+01
-3.951215716286060342e+01
-3.942308138077351032e+01
-3.933417981812090147e+01
-3.924545208202107460e+01
-3.915689778036903590e+01
-3.906851652182558610e+01
-3.898030791582095844e+01
-3.889227157252571487e+01
-3.880440710289440176e+01
-3.871671411863826506e+01
-3.862919223223070730e+01
-3.854184105687454576e+01
-3.845466020654384920e+01
-3.836764929599121388e+01
-3.828080794068046089e+01
-3.819413575682665396e+01
-3.810763236142884125e+01
-3.802129737219911476e+01
-3.793513040760444710e+01
-3.784913108685577754e+01
-3.776329902989709808e+01
-3.767763385742000537e+01
-3.759213519086551969e+01
-3.750680265237497224e+01
-3.742163586484457483e+01
-3.733663445191814390e+01
-3.725179803794526379e+01
-3.716712624802312348e+01
-3.708261870796195581e+01
-3.699827504429595137e+01
-3.691409488430872443e+01
-3.683007785598601913e+01
-3.674622358802480449e+01
-3.666253170985692122e+01
-3.657900185164180584e+01
-3.649563364424102474e+01
-3.641242671922009322e+01
-3.632938070886666537e+01
-3.624649524619781005e+01
-3.616376996491817408e+01
-3.608120449943635322e+01
-3.599879848489399592e+01
-3.591655155710031977e+01
-3.583446335260123305e+01
-3.575253350863567903e+01
-3.567076166312654095e+01
-3.558914745470428898e+01
-3.550769052270698012e+01
-3.542639050714933546e+01
-3.534524704875366297e+01
-3.526425978892621060e+01
-3.518342836976444232e+01
-3.510275243406613299e+01
-3.502223162529480760e+01
-3.494186558761066408e+01
-3.486165396587421128e+01
-3.478159640559715626e+01
-3.470169255298242206e+01
-3.462194205493506161e+01
-3.454234455900041212e+01
-3.446289971343139769e+01
-3.438360716715033050e+01
-3.430446656973072095e+01
-3.422547757143183844e+01
-3.414663982319871138e+01
-3.406795297662029043e+01
-3.398941668395309534e+01
-3.391103059814486187e+01
-3.383279437278179103e+01
-3.375470766212129092e+01
-3.367677012107742485e+01
-3.359898140522636822e+01
-3.352134117081186560e+01
-3.344384907471248880e+01
-3.336650477447983576e+01
-3.328930792831306462e+01
-3.321225819505889376e+01
-3.313535523421705875e+01
-3.305859870593667438e+01
-3.298198827101441566e+01
-3.290552359089087986e+01
-3.282920432765058649e+01
-3.275303014402561530e+01
-3.267700070338469232e+01
-3.260111566973137087e+01
-3.252537470771312655e+01
-3.244977748262135719e+01
-3.237432366036227904e+01
-3.229901290750422049e+01
-3.222384489122123341e+01
-3.214881927932947292e+01
-3.207393574027810246e+01
-3.199919394313474186e+01
-3.192459355760729522e+01
-3.185013425401484710e+01
-3.177581570329857641e+01
-3.170163757703630836e+01
-3.162759954741886759e+01
-3.155370128725371615e+01
-3.147994246996313450e+01
-3.140632276959513547e+01
-3.133284186081073130e+01
-3.125949941887665773e+01
-3.118629511967628787e+01
-3.111322863970417529e+01
-3.104029965606241603e+01
-3.096750784646610555e+01
-3.089485288922696782e+01
-3.082233446326517878e+01
-3.074995224810754735e+01
-3.067770592388387740e+01
-3.060559517132060137e+01
-3.053361967173987068e+01
-3.046177910707046976e+01
-3.039007315982962609e+01
-3.031850151313119568e+01
-3.024706385068839154e+01
-3.017575985680286976e+01
-3.010458921636291052e+01
-3.003355161485069402e+01
-2.996264673833593406e+01
-2.989187427347042103e+01
-2.982123390749893588e+01
-2.975072532824469818e+01
-2.968034822411482310e+01
-2.961010228409486444e+01
-2.953998719775336212e+01
-2.947000265524002316e+01
-2.940014834727389825e+01
-2.933042396514883876e+01
-2.926082920074350113e+01
-2.919136374650406651e+01
-2.912202729544060276e+01
-2.905281954114525433e+01
-2.898374017777132394e+01
-2.891478890003963897e+01
-2.884596540324764646e+01
-2.877726938323485228e+01
-2.870870053642647690e+01
-2.864025855980889901e+01
-2.857194315090509917e+01
-2.850375400782468205e+01
-2.843569082922567759e+01
-2.836775331431363156e+01
-2.829994116286343342e+01
-2.823225407519657892e+01
-2.816469175219117460e+01
-2.809725389526920480e+01
-2.802994020640835515e+01
-2.796275038814019354e+01
-2.789568414353288972e+01
-2.782874117620303878e+01
-2.776192119032293704e+01
-2.769522389059147827e+01
-2.762864898226325749e+01
-2.756219617113220011e+01
-2.749586516351791943e+01
-2.742965566629482055e+01
-2.736356738687391044e+01
-2.729760003318733652e+01
-2.723175331371476204e+01
-2.716602693746244768e+01
-2.710042061397143698e+01
-2.703493405331482791e+01
-2.696956696609504434e+01
-2.690431906343565061e+01
-2.683919005698953697e+01
-2.677417965894164809e+01
-2.670928758199443109e+01
-2.664451353937965905e+01
-2.657985724483842205e+01
-2.651531841264386458e+01
-2.645089675758754311e+01
-2.638659199496851215e+01
-2.632240384061879013e+01
-2.625833201087243651e+01
-2.619437622257464682e+01
-2.613053619310176146e+01
-2.606681164032852394e+01
-2.600320228262989986e+01
-2.593970783891563769e+01
-2.587632802858479408e+01
-2.581306257154665218e+01
-2.574991118822072167e+01
-2.568687359952127736e+01
-2.562394952687282057e+01
-2.556113869220462220e+01
-2.549844081793435180e+01
-2.543585562698808644e+01
-2.537338284279485379e+01
-2.531102218926662317e+01
-2.524877339081558603e+01
-2.518663617235324637e+01
-2.512461025928496383e+01
-2.506269537749813026e+01
-2.500089125338035956e+01
-2.493919761380857381e+01
-2.487761418613808928e+01
-2.481614069822080637e+01
-2.475477687839156715e+01
-2.469352245547270286e+01
-2.463237715876311995e+01
-2.457134071804739506e+01
-2.451041286359577498e+01
-2.444959332614962477e+01
-2.438888183694143663e+01
-2.432827812766663556e+01
-2.426778193050540722e+01
-2.420739297811451252e+01
-2.414711100361546414e+01
-2.408693574061544496e+01
-2.402686692318275163e+01
-2.396690428585770860e+01
-2.390704756365903449e+01
-2.384729649206019531e+01
-2.378765080701123225e+01
-2.372811024492239085e+01
-2.366867454267139692e+01
-2.360934343759799958e+01
-2.355011666750306176e+01
-2.349099397065492667e+01
-2.343197508577668486e+01
-2.337305975204526476e+01
-2.331424770910234656e+01
-2.325553869704890531e+01
-2.319693245643611590e+01
-2.313842872826171515e+01
-2.308002725399273913e+01
-2.302172777554005734e+01
-2.296353003525928216e+01
-2.290543377596623031e+01
-2.284743874091964244e+01
-2.278954467382482107e+01
-2.273175131883544964e+01
-2.267405842055450194e+01
-2.261646572401605226e+01
-2.255897297471165075e+01
-2.250157991856394801e+01
-2.244428630193669960e+01
-2.238709187164840841e+01
-2.232999637493685441e+01
-2.227299955948274146e+01
-2.221610117340514989e+01
-2.215930096525880799e+01
-2.210259868403227301e+01
-2.204599407914065523e+01
-2.198948690044198884e+01
-2.193307689821176609e+01
-2.187676382316567469e+01
-2.182054742643958889e+01
-2.176442745960684988e+01
-2.170840367465916643e+01
-2.165247582401207183e+01
-2.159664366050856188e+01
-2.154090693740909046e+01
-2.148526540841157839e+01
-2.142971882761867164e+01
-2.137426694955320272e+01
-2.131890952916546667e+01
-2.126364632181866909e+01
-2.120847708328801673e+01
-2.115340156977435981e+01
-2.109841953788600222e+01
-2.104353074463870144e+01
-2.098873494746840151e+01
-2.093403190422850457e+01
-2.087942137316349545e+01
-2.082490311294350249e+01
-2.077047688263883174e+01
-2.071614244172542385e+01
-2.066189955009303958e+01
-2.060774796801979392e+01
-2.055368745620489790e+01
-2.049971777574501175e+01
-2.044583868813333538e+01
-2.039204995526233688e+01
-2.033835133943102846e+01
-2.028474260333678103e+01
-2.023122351006531972e+01
-2.017779382310618530e+01
-2.012445330634091079e+01
-2.007120172404302139e+01
-2.001803884088531049e+01
-1.996496442192801624e+01
-1.991197823262154998e+01
-1.985908003881559125e+01
-1.980626960673453141e+01
-1.975354670299384452e+01
-1.970091109460827283e+01
-1.964836254896272294e+01
-1.959590083383500314e+01
-1.954352571738672850e+01
-1.949123696815695439e+01
-1.943903435507490940e+01
-1.938691764744453394e+01
-1.933488661494448024e+01
-1.928294102764266427e+01
-1.923108065598080429e+01
-1.917930527077351144e+01
-1.912761464321920357e+01
-1.907600854487827746e+01
-1.902448674769493664e+01
-1.897304902398627746e+01
-1.892169514642955619e+01
-1.887042488808583585e+01
-1.881923802238270582e+01
-1.876813432310518692e+01
-1.871711356442119722e+01
-1.866617552086154319e+01
-1.861531996731355321e+01
-1.856454667903472000e+01
-1.851385543165270064e+01
-1.846324600114712666e+01
-1.841271816385687998e+01
-1.836227169650555879e+01
-1.831190637614508887e+01
-1.826162198020119831e+01
-1.821141828646159411e+01
-1.816129507305777224e+01
-1.811125211848957406e+01
-1.806128920160608686e+01
-1.801140610160382494e+01
-1.796160259804310044e+01
-1.791187847083256202e+01
-1.786223350022646628e+01
-1.781266746683559177e+01
-1.776318015161541553e+01
-1.771377133586884156e+01
-1.766444080124438187e+01
-1.761518832974616089e+01
-1.756601370371572557e+01
-1.751691670583568339e+01
-1.746789711913788778e+01
-1.741895472699070524e+01
-1.737008931310901971e+01
-1.732130066154513770e+01
-1.727258855669060722e+01
-1.722395278328349377e+01
-1.717539312638018600e+01
-1.712690937138359004e+01
-1.707850130404585798e+01
-1.703016871043200808e+01
-1.698191137694539066e+01
-1.693372909033860196e+01
-1.688562163767255697e+01
-1.683758880635377864e+01
-1.678963038411711750e+01
-1.674174615901665675e+01
-1.669393591944754007e+01
-1.664619945411959634e+01
-1.659853655208280543e+01
-1.655094700269728492e+01
-1.650343059565420845e+01
-1.645598712097307725e+01
-1.640861636898716824e+01
-1.636131813035444793e+01
-1.631409219605848193e+01
-1.626693835738660709e+01
-1.621985640596085432e+01
-1.617284613372066815e+01
-1.612590733291108336e+01
-1.607903979609909584e+01
-1.603224331616820564e+01
-1.598551768631568848e+01
-1.593886270004895778e+01
-1.589227815118738363e+01
-1.584576383386684029e+01
-1.579931954252879223e+01
-1.575294507192211313e+01
-1.570664021711399982e+01
-1.566040477347269189e+01
-1.561423853666110517e+01
-1.556814130267412111e+01
-1.552211286779584043e+01
-1.547615302861049713e+01
-1.543026158201610087e+01
-1.538443832520533761e+01
-1.533868305567466450e+01
-1.529299557122340047e+01
-1.524737566994645022e+01
-1.520182315024339914e+01
-1.515633781080396147e+01
-1.511091945061525621e+01
-1.506556786896817357e+01
-1.502028286544373259e+01
-1.497506423991580959e+01
-1.492991179255022871e+01
-1.488482532381294732e+01
-1.483980463445823261e+01
-1.479484952552411414e+01
-1.474995979834329773e+01
-1.470513525454771298e+01
-1.466037569603668089e+01
-1.461568092501056526e+01
-1.457105074395894917e+01
-1.452648495564426412e+01
-1.448198336312270840e+01
-1.443754576973060466e+01
-1.439317197908803792e+01
-1.434886179510067450e+01
-1.430461502195339563e+01
-1.426043146410393092e+01
-1.421631092629559134e+01
-1.417225321355181222e+01
-1.412825813117160578e+01
-1.408432548473319912e+01
-1.404045508008493925e+01
-1.399664672335347859e+01
-1.395290022094468441e+01
-1.390921537952726794e+01
-1.386559200604824582e+01
-1.382202990773021156e+01
-1.377852889206133113e+01
-1.373508876679989044e+01
-1.369170933997429529e+01
-1.364839041988034296e+01
-1.360513181508395064e+01
-1.356193333441206050e+01
-1.351879478696537262e+01
-1.347571598210379307e+01
-1.343269672945098137e+01
-1.338973683889616950e+01
-1.334683612058961444e+01
-1.330399438494259812e+01
-1.326121144263106544e+01
-1.321848710458107234e+01
-1.317582118199152319e+01
-1.313321348631052388e+01
-1.309066382923992933e+01
-1.304817202275080490e+01
-1.300573787905887002e+01
-1.296336121063359315e+01
-1.292104183020819619e+01
-1.287877955076328362e+01
-1.283657418553502794e+01
-1.279442554800334619e+01
-1.275233345190463297e+01
-1.271029771122721286e+01
-1.266831814020588354e+01
-1.262639455332009675e+01
-1.258452676530032477e+01
-1.254271459112896991e+01
-1.250095784602035565e+01
-1.245925634544892091e+01
-1.241760990512375429e+01
-1.237601834100223641e+01
-1.233448146927821654e+01
-1.229299910639110749e+01
-1.225157106902406667e+01
-1.221019717409581062e+01
-1.216887723876607197e+01
-1.212761108043105196e+01
-1.208639851672796794e+01
-1.204523936552959640e+01
-1.200413344494427292e+01
-1.196308057331498276e+01
-1.192208056922027026e+01
-1.188113325147151045e+01
-1.184023843911381846e+01
-1.179939595142332109e+01
-1.175860560790806630e+01
-1.171786722830802319e+01
-1.167718063259053451e+01
-1.163654564095031674e+01
-1.159596207381400745e+01
-1.155542975183379895e+01
-1.151494849588652869e+01
-1.147451812707731733e+01
-1.143413846673593071e+01
-1.139380933641677984e+01
-1.135353055789437349e+01
-1.131330195316695608e+01
-1.127312334446014574e+01
-1.123299455420874438e+01
-1.119291540507856553e+01
-1.115288571995097300e+01
-1.111290532192560931e+01
-1.107297403432130523e+01
-1.103309168066880375e+01
-1.099325808472076460e+01
-1.095347307044721674e+01
-1.091373646202828240e+01
-1.087404808384962962e+01
-1.083440776053066656e+01
-1.079481531689089024e+01
-1.075527057795625296e+01
-1.071577336897462374e+01
-1.067632351539577940e+01
-1.063692084288595652e+01
-1.059756517731148051e+01
-1.055825634475149855e+01
-1.051899417149616056e+01
-1.047977848403388634e+01
-1.044060910906046047e+01
-1.040148587347994180e+01
-1.036240860439738753e+01
-1.032337712911794370e+01
-1.028439127515866858e+01
-1.024545087022852385e+01
-1.020655574224292650e+01
-1.016770571931283484e+01
-1.012890062975657202e+01
-1.009014030208345503e+01
-1.005142456499834225e+01
-1.001275324741254735e+01
-9.974126178428377898e+00
-9.935543187342773308e+00
-9.897004103650033358e+00
-9.858508757038180192e+00
-9.820056977383501362e+00
-9.781648594764192239e+00
-9.743283439439437643e+00
-9.704961341869420721e+00
-9.666682132700771035e+00
-9.628445642766564561e+00
-9.590251703090871160e+00
-9.552100144886935595e+00
-9.513990799556268030e+00
-9.475923498681368073e+00
-9.437898074036638718e+00
-9.399914357582929370e+00
-9.361972181452983932e+00
-9.324071377976906660e+00
-9.286211779663972266e+00
-9.248393219202625914e+00
-9.210615529462302220e+00
-9.172878543497972714e+00
-9.135182094539231912e+00
-9.097526015997573268e+00
-9.059910141464570188e+00
-9.022334304701871588e+00
-8.984798339659391786e+00
-8.947302080454392126e+00
-8.909845361383304407e+00
-8.872428016913545434e+00
-8.835049881692611962e+00
-8.797710790537166758e+00
-8.760410578440314566e+00
-8.723149080561597657e+00
-8.685926132230633812e+00
-8.648741568954392278e+00
-8.611595226408098824e+00
-8.574486940430688264e+00
-8.537416547032989911e+00
-8.500383882392270607e+00
-8.463388782853144221e+00
-8.426431084925752657e+00
-8.389510625286675349e+00
-8.352627240776200779e+00
-8.315780768397416978e+00
-8.278971045315302035e+00
-8.242197908865819045e+00
-8.205461196534997725e+00
-8.168760745974395832e+00
-8.132096395002008649e+00
-8.095467981584079098e+00
-8.058875343855106621e+00
-8.022318320102385769e+00
-7.985796748769644182e+00
-7.949310468464318546e+00
-7.912859317946640658e+00
-7.876443136125089950e+00
-7.840061762070035911e+00
-7.803715035008281120e+00
-7.767402794312147307e+00
-7.731124879508570302e+00
-7.694881130278645287e+00
-7.658671386453534069e+00
-7.622495488014465082e+00
-7.586353275093642878e+00
-7.550244587965153187e+00
-7.514169267058605328e+00
-7.478127152953220502e+00
-7.442118086367827345e+00
-7.406141908169956878e+00
-7.370198459373114019e+00
-7.334287581134958600e+00
-7.298409114757760108e+00
-7.262562901686578698e+00
-7.226748783508355700e+00
-7.190966601952823112e+00
-7.155216198891594104e+00
-7.119497416333615547e+00
-7.083810096430170233e+00
-7.048154081472603139e+00
-7.012529213887319202e+00
-6.976935336239421304e+00
-6.941372291234074510e+00
-6.905839921708320617e+00
-6.870338070637444616e+00
-6.834866581129972474e+00
-6.799425296429035370e+00
-6.764014059913733945e+00
-6.728632715091407590e+00
-6.693281105605819903e+00
-6.657959075233065960e+00
-6.622666467870203633e+00
-6.587403127555262472e+00
-6.552168898451327550e+00
-6.516963624849267944e+00
-6.481787151172284211e+00
-6.446639321965903946e+00
-6.411519981903893495e+00
-6.376428975783710484e+00
-6.341366148532415536e+00
-6.306331345200305805e+00
-6.271324410962279217e+00
-6.236345191110103769e+00
-6.201393531063786213e+00
-6.166469276367024577e+00
-6.131572272682660696e+00
-6.096702365788587485e+00
-6.061859401587753382e+00
-6.027043226103160123e+00
-5.992253685472405778e+00
-5.957490625955870200e+00
-5.922753893924436852e+00
-5.888043335869951989e+00
-5.853358798400222440e+00
-5.818700128235377633e+00
-5.784067172208324337e+00
-5.749459777270203631e+00
-5.714877790485388687e+00
-5.680321059026482544e+00
-5.645789430180684576e+00
-5.611282751341150288e+00
-5.576800870018360001e+00
-5.542343633829659666e+00
-5.507910890500170353e+00
-5.473502487861878762e+00
-5.439118273858639441e+00
-5.404758096538898826e+00
-5.370421804057059489e+00
-5.336109244671661145e+00
-5.301820266748563881e+00
-5.267554718759583920e+00
-5.233312449273853417e+00
-5.199093306969189143e+00
-5.164897140624361782e+00
-5.130723799116822192e+00
-5.096573131427703629e+00
-5.062444986639548006e+00
-5.028339213926301454e+00
-4.994255662573323207e+00
-4.960194181957831461e+00
-4.926154621550722368e+00
-4.892136830923845991e+00
-4.858140659746368328e+00
-4.824165957782042824e+00
-4.790212574888300878e+00
-4.756280361018525582e+00
-4.722369166218413739e+00
-4.688478840622792632e+00
-4.654609234467898204e+00
-4.620760198075004155e+00
-4.586931581855878903e+00
-4.553123236318242562e+00
-4.519335012050760270e+00
-4.485566759736229869e+00
-4.451818330149308167e+00
-4.418089574145142251e+00
-4.384380342668009689e+00
-4.350690486750863784e+00
-4.317019857509876601e+00
-4.283368306148076954e+00
-4.249735683949438680e+00
-4.216121842285701860e+00
-4.182526632610915840e+00
-4.148949906457801262e+00
-4.115391515444571269e+00
-4.081851311268110294e+00
-4.048329145707612042e+00
-4.014824870623669995e+00
-3.981338337947818218e+00
-3.947869399698902271e+00
-3.914417907970801025e+00
-3.880983714931517170e+00
-3.847566672829543677e+00
-3.814166633988406829e+00
-3.780783450804392487e+00
-3.747416975747910328e+00
-3.714067061368041323e+00
-3.680733560283442785e+00
-3.647416325184622110e+00
-3.614115208836665261e+00
-3.580830064075598784e+00
-3.547560743802932848e+00
-3.514307100997029920e+00
-3.481068988703100331e+00
-3.447846260030473786e+00
-3.414638768164422800e+00
-3.381446366354339261e+00
-3.348268907912824943e+00
-3.315106246219784225e+00
-3.281958234726062074e+00
-3.248824726942530106e+00
-3.215705576442815072e+00
-3.182600636866482091e+00
-3.149509761915851414e+00
-3.116432805355543678e+00
-3.083369621009751427e+00
-3.050320062764967588e+00
-3.017283984568166488e+00
-2.984261240426803852e+00
-2.951251684403814579e+00
-2.918255170623069716e+00
-2.885271553268012212e+00
-2.852300686573926214e+00
-2.819342424835213023e+00
-2.786396622401753120e+00
-2.753463133679815655e+00
-2.720541813131603703e+00
-2.687632515265249822e+00
-2.654735094649822713e+00
-2.621849405903049046e+00
-2.588975303695406183e+00
-2.556112642752850661e+00
-2.523261277842721029e+00
-2.490421063790108747e+00
-2.457591855468763242e+00
-2.424773507794270699e+00
-2.391965875737241731e+00
-2.359168814315580676e+00
-2.326382178589483374e+00
-2.293605823665984644e+00
-2.260839604700322525e+00
-2.228083376892755041e+00
-2.195336995485376974e+00
-2.162600315763938852e+00
-2.129873193058756442e+00
-2.097155482739253785e+00
-2.064447040220784402e+00
-2.031747720956445846e+00
-1.999057380439353437e+00
-1.966375874206732988e+00
-1.933703057829916361e+00
-1.901038786918888945e+00
-1.868382917125472886e+00
-1.835735304135141632e+00
-1.803095803669748420e+00
-1.770464271488435770e+00
-1.737840563386725989e+00
-1.705224535191518953e+00
-1.672616042765639577e+00
-1.640014942006473575e+00
-1.607421088838691503e+00
-1.574834339225162694e+00
-1.542254549159679300e+00
-1.509681574660589831e+00
-1.477115271783986827e+00
-1.444555496611883427e+00
-1.412002105250849127e+00
-1.379454953846106946e+00
-1.346913898561979295e+00
-1.314378795591437665e+00
-1.281849501156557380e+00
-1.249325871500332141e+00
-1.216807762896223721e+00
-1.184295031638612272e+00
-1.151787534046434303e+00
-1.119285126460454194e+00
-1.086787665245537937e+00
-1.054295006791562628e+00
-1.021807007502047782e+00
-9.893235238059787662e-01
-9.568444121537140745e-01
-9.243695290110736096e-01
-8.918987308643409051e-01
-8.594318742170798942e-01
-8.269688155928633932e-01
-7.945094115302708815e-01
-7.620535185824337532e-01
-7.296009933188543073e-01
-6.971516923240415053e-01
-6.647054722016036976e-01
-6.322621895619704446e-01
-5.998217010278494854e-01
-5.673838632433216844e-01
-5.349485328542868956e-01
-5.025155665207421407e-01
-4.700848209181458515e-01
-4.376561527246849437e-01
-4.052294186326435010e-01
-3.728044753420363122e-01
-3.403811795546971553e-01
-3.079593879888307129e-01
-2.755389573658248992e-01
-2.431197444111603545e-01
-2.107016058562294347e-01
-1.782843984378814639e-01
-1.458679788988774817e-01
-1.134522039856165065e-01
-8.103693044131432544e-02
-4.862201501691743033e-02
-1.620731446428180789e-02
1.620731446428180789e-02
4.862201501691743033e-02
8.103693044131432544e-02
1.134522039856165065e-01
1.458679788993322290e-01
1.782843984378814639e-01
2.107016058557746874e-01
2.431197444111603545e-01
2.755389573658248992e-01
3.079593879888307129e-01
3.403811795551519026e-01
3.728044753402173228e-01
4.052294186335529957e-01
4.376561527260491857e-01
4.700848209172363568e-01
5.025155665207421407e-01
5.349485328542868956e-01
5.673838632433216844e-01
5.998217010278494854e-01
6.322621895615156973e-01
6.647054722020584450e-01
6.971516923240415053e-01
7.296009933188543073e-01
7.620535185819790058e-01
7.945094115298161341e-01
8.269688155928633932e-01
8.594318742179893889e-01
8.918987308643409051e-01
9.243695290110736096e-01
9.568444121537140745e-01
9.893235238059787662e-01
1.021807007502047782e+00
1.054295006791562628e+00
1.086787665245537937e+00
1.119285126460454194e+00
1.151787534046434303e+00
1.184295031638612272e+00
1.216807762896223721e+00
1.249325871500786889e+00
1.281849501156557380e+00
1.314378795591437665e+00
1.346913898561979295e+00
1.379454953846561693e+00
1.412002105251303874e+00
1.444555496612338175e+00
1.477115271783077333e+00
1.509681574660589831e+00
1.542254549159679300e+00
1.574834339225617441e+00
1.607421088839600998e+00
1.640014942005564080e+00
1.672616042765184829e+00
1.705224535191518953e+00
1.737840563386725989e+00
1.770464271489800012e+00
1.803095803669748420e+00
1.835735304133777390e+00
1.868382917125472886e+00
1.901038786918888945e+00
1.933703057829916361e+00
1.966375874206732988e+00
1.999057380438898690e+00
2.031747720956445846e+00
2.064447040220784402e+00
2.097155482738799037e+00
2.129873193058756442e+00
2.162600315765303094e+00
2.195336995485376974e+00
2.228083376892300294e+00
2.260839604700777272e+00
2.293605823666439392e+00
2.326382178589028626e+00
2.359168814315580676e+00
2.391965875737241731e+00
2.424773507794725447e+00
2.457591855468763242e+00
2.490421063788744505e+00
2.523261277842721029e+00
2.556112642753760156e+00
2.588975303695406183e+00
2.621849405903503794e+00
2.654735094649822713e+00
2.687632515264340327e+00
2.720541813131603703e+00
2.753463133679815655e+00
2.786396622401298373e+00
2.819342424834758276e+00
2.852300686574380961e+00
2.885271553267557465e+00
2.918255170623069716e+00
2.951251684404724074e+00
2.984261240426803852e+00
3.017283984568166488e+00
3.050320062764512841e+00
3.083369621008841932e+00
3.116432805355998426e+00
3.149509761915851414e+00
3.182600636866027344e+00
3.215705576442815072e+00
3.248824726942984853e+00
3.281958234726062074e+00
3.315106246219784225e+00
3.348268907913279691e+00
3.381446366353429767e+00
3.414638768164877547e+00
3.447846260030473786e+00
3.481068988702645584e+00
3.514307100996575173e+00
3.547560743802478100e+00
3.580830064075598784e+00
3.614115208836665261e+00
3.647416325184622110e+00
3.680733560282988037e+00
3.714067061368041323e+00
3.747416975748365076e+00
3.780783450803937740e+00
3.814166633988406829e+00
3.847566672829998424e+00
3.880983714931517170e+00
3.914417907969436783e+00
3.947869399698447523e+00
3.981338337949182460e+00
4.014824870623669995e+00
4.048329145708521537e+00
4.081851311268565041e+00
4.115391515443661774e+00
4.148949906455982273e+00
4.182526632611370587e+00
4.216121842287066102e+00
4.249735683949893428e+00
4.283368306148076954e+00
4.317019857509421854e+00
4.350690486750863784e+00
4.384380342668009689e+00
4.418089574145142251e+00
4.451818330148853420e+00
4.485566759736229869e+00
4.519335012050760270e+00
4.553123236317333067e+00
4.586931581856333651e+00
4.620760198075913650e+00
4.654609234467898204e+00
4.688478840623702126e+00
4.722369166217504244e+00
4.756280361017161340e+00
4.790212574888300878e+00
4.824165957781588077e+00
4.858140659746823076e+00
4.892136830923845991e+00
4.926154621549812873e+00
4.960194181957831461e+00
4.994255662573777954e+00
5.028339213926301454e+00
5.062444986640457500e+00
5.096573131427703629e+00
5.130723799116822192e+00
5.164897140624361782e+00
5.199093306968734396e+00
5.233312449273853417e+00
5.267554718758674426e+00
5.301820266749473376e+00
5.336109244671661145e+00
5.370421804056149995e+00
5.404758096538444079e+00
5.439118273858639441e+00
5.473502487862788257e+00
5.507910890500625101e+00
5.542343633829659666e+00
5.576800870017450507e+00
5.611282751341150288e+00
5.645789430181594071e+00
5.680321059027392039e+00
5.714877790484933939e+00
5.749459777271567873e+00
5.784067172207869589e+00
5.818700128233558644e+00
5.853358798399767693e+00
5.888043335870406736e+00
5.922753893924436852e+00
5.957490625955870200e+00
5.992253685472860525e+00
6.027043226103614870e+00
6.061859401587298635e+00
6.096702365788587485e+00
6.131572272683115443e+00
6.166469276367024577e+00
6.201393531064240960e+00
6.236345191110103769e+00
6.271324410962279217e+00
6.306331345200760552e+00
6.341366148532415536e+00
6.376428975784165232e+00
6.411519981903893495e+00
6.446639321965449199e+00
6.481787151172284211e+00
6.516963624849722692e+00
6.552168898450872803e+00
6.587403127554807725e+00
6.622666467869748885e+00
6.657959075232611212e+00
6.693281105607184145e+00
6.728632715091862337e+00
6.764014059913279198e+00
6.799425296429490118e+00
6.834866581129972474e+00
6.870338070636989869e+00
6.905839921708320617e+00
6.941372291233619762e+00
6.976935336239421304e+00
7.012529213888228696e+00
7.048154081473057886e+00
7.083810096429715486e+00
7.119497416333615547e+00
7.155216198892048851e+00
7.190966601953277859e+00
7.226748783508355700e+00
7.262562901686578698e+00
7.298409114757760108e+00
7.334287581135868095e+00
7.370198459372204525e+00
7.406141908169047383e+00
7.442118086368282093e+00
7.478127152953220502e+00
7.514169267059969570e+00
7.550244587965607934e+00
7.586353275091823889e+00
7.622495488013100839e+00
7.658671386454443564e+00
7.694881130278645287e+00
7.731124879509479797e+00
7.767402794312147307e+00
7.803715035008281120e+00
7.840061762070945406e+00
7.876443136124180455e+00
7.912859317946640658e+00
7.949310468464318546e+00
7.985796748767825193e+00
8.022318320102385769e+00
8.058875343855106621e+00
8.095467981584079098e+00
8.132096395001099154e+00
8.168760745974395832e+00
8.205461196534997725e+00
8.242197908867638034e+00
8.278971045316211530e+00
8.315780768395597988e+00
8.352627240776200779e+00
8.389510625287584844e+00
8.426431084926662152e+00
8.463388782853144221e+00
8.500383882392270607e+00
8.537416547032080416e+00
8.574486940430688264e+00
8.611595226409917814e+00
8.648741568955301773e+00
8.685926132229724317e+00
8.723149080559778668e+00
8.760410578441224061e+00
8.797710790538985748e+00
8.835049881692611962e+00
8.872428016913545434e+00
8.909845361383304407e+00
8.947302080455301621e+00
8.984798339658482291e+00
9.022334304702781083e+00
9.059910141464570188e+00
9.097526015997573268e+00
9.135182094538322417e+00
9.172878543497972714e+00
9.210615529463211715e+00
9.248393219202625914e+00
9.286211779663972266e+00
9.324071377975997166e+00
9.361972181453893427e+00
9.399914357582019875e+00
9.437898074036638718e+00
9.475923498681368073e+00
9.513990799555358535e+00
9.552100144886935595e+00
9.590251703091780655e+00
9.628445642765655066e+00
9.666682132699861540e+00
9.704961341870330216e+00
9.743283439441256633e+00
9.781648594763282745e+00
9.820056977383501362e+00
9.858508757036361203e+00
9.897004103650942852e+00
9.935543187342773308e+00
9.974126178426558909e+00
1.001275324741345685e+01
1.005142456499925174e+01
1.009014030208345503e+01
1.012890062975566252e+01
1.016770571931374434e+01
1.020655574224292650e+01
1.024545087022943335e+01
1.028439127515866858e+01
1.032337712911794370e+01
1.036240860439647804e+01
1.040148587347812281e+01
1.044060910905955097e+01
1.047977848403661483e+01
1.051899417149616056e+01
1.055825634475149855e+01
1.059756517731148051e+01
1.063692084288504702e+01
1.067632351539577940e+01
1.071577336897462374e+01
1.075527057795625296e+01
1.079481531688998075e+01
1.083440776053339505e+01
1.087404808385053911e+01
1.091373646202464442e+01
1.095347307044812624e+01
1.099325808472167409e+01
1.103309168066789425e+01
1.107297403432039573e+01
1.111290532192651881e+01
1.115288571995188249e+01
1.119291540507856553e+01
1.123299455420874438e+01
1.127312334446014574e+01
1.131330195316695608e+01
1.135353055789346399e+01
1.139380933641677984e+01
1.143413846673684020e+01
1.147451812707731733e+01
1.151494849588470970e+01
1.155542975183379895e+01
1.159596207381400745e+01
1.163654564095031674e+01
1.167718063259053451e+01
1.171786722830893268e+01
1.175860560790897580e+01
1.179939595142332109e+01
1.184023843911563745e+01
1.188113325147241994e+01
1.192208056921845127e+01
1.196308057331225427e+01
1.200413344494518242e+01
1.204523936553050589e+01
1.208639851672614896e+01
1.212761108043014247e+01
1.216887723876607197e+01
1.221019717409672012e+01
1.225157106902406667e+01
1.229299910639110749e+01
1.233448146927730704e+01
1.237601834100132692e+01
1.241760990512466378e+01
1.245925634544983041e+01
1.250095784602126514e+01
1.254271459112715092e+01
1.258452676530123426e+01
1.262639455332009675e+01
1.266831814020497404e+01
1.271029771122630336e+01
1.275233345190463297e+01
1.279442554800334619e+01
1.283657418553502794e+01
1.287877955076510261e+01
1.292104183021001518e+01
1.296336121063359315e+01
1.300573787905705103e+01
1.304817202274898591e+01
1.309066382924083882e+01
1.313321348631052388e+01
1.317582118199061370e+01
1.321848710458107234e+01
1.326121144263197493e+01
1.330399438494259812e+01
1.334683612058961444e+01
1.338973683889616950e+01
1.343269672944916238e+01
1.347571598210470256e+01
1.351879478696628212e+01
1.356193333441297000e+01
1.360513181508304115e+01
1.364839041987943347e+01
1.369170933997338580e+01
1.373508876680079993e+01
1.377852889206133113e+01
1.382202990772930207e+01
1.386559200604824582e+01
1.390921537952726794e+01
1.395290022094468441e+01
1.399664672335529758e+01
1.404045508008493925e+01
1.408432548473319912e+01
1.412825813117160578e+01
1.417225321355181222e+01
1.421631092629650084e+01
1.426043146410484042e+01
1.430461502195248613e+01
1.434886179509976500e+01
1.439317197908894741e+01
1.443754576973060466e+01
1.448198336312270840e+01
1.452648495564335462e+01
1.457105074395803967e+01
1.461568092501056526e+01
1.466037569603759039e+01
1.470513525454680348e+01
1.474995979834511672e+01
1.479484952552320465e+01
1.483980463445732312e+01
1.488482532381567580e+01
1.492991179254931922e+01
1.497506423991490010e+01
1.502028286544373259e+01
1.506556786896908307e+01
1.511091945061525621e+01
1.515633781080214249e+01
1.520182315024339914e+01
1.524737566994826921e+01
1.529299557122340047e+01
1.533868305567466450e+01
1.538443832520442811e+01
1.543026158201610087e+01
1.547615302861140663e+01
1.552211286779584043e+01
1.556814130267594010e+01
1.561423853666019568e+01
1.566040477346905391e+01
1.570664021711490932e+01
1.575294507192393212e+01
1.579931954252970172e+01
1.584576383386774978e+01
1.589227815118738363e+01
1.593886270004804828e+01
1.598551768631568848e+01
1.603224331616911513e+01
1.607903979610000533e+01
1.612590733291108336e+01
1.617284613372248714e+01
1.621985640596085432e+01
1.626693835738387861e+01
1.631409219605848193e+01
1.636131813035626692e+01
1.640861636898716824e+01
1.645598712097398675e+01
1.650343059565511794e+01
1.655094700269546593e+01
1.659853655208007694e+01
1.664619945412141533e+01
1.669393591944663058e+01
1.674174615901756624e+01
1.678963038411711750e+01
1.683758880635377864e+01
1.688562163767255697e+01
1.693372909033860196e+01
1.698191137694720965e+01
1.703016871043109859e+01
1.707850130404494848e+01
1.712690937138540903e+01
1.717539312638018600e+01
1.722395278328167478e+01
1.727258855669060722e+01
1.732130066154513770e+01
1.737008931311174820e+01
1.741895472699070524e+01
1.746789711913515930e+01
1.751691670583568339e+01
1.756601370371663506e+01
1.761518832974616089e+01
1.766444080124438187e+01
1.771377133586793207e+01
1.776318015161541553e+01
1.781266746683650126e+01
1.786223350022646628e+01
1.791187847083165252e+01
1.796160259804310044e+01
1.801140610160473443e+01
1.806128920160517737e+01
1.811125211848957406e+01
1.816129507305777224e+01
1.821141828646159411e+01
1.826162198020119831e+01
1.831190637614417938e+01
1.836227169650464930e+01
1.841271816385960847e+01
1.846324600114712666e+01
1.851385543165179115e+01
1.856454667903653899e+01
1.861531996731264371e+01
1.866617552086154319e+01
1.871711356442301621e+01
1.876813432310427743e+01
1.881923802238088683e+01
1.887042488808674534e+01
1.892169514642773720e+01
1.897304902398536797e+01
1.902448674769675563e+01
1.907600854487736797e+01
1.912761464321920357e+01
1.917930527077533043e+01
1.923108065598080429e+01
1.928294102764266427e+01
1.933488661494448024e+01
1.938691764744453394e+01
1.943903435507490940e+01
1.949123696815695439e+01
1.954352571738672850e+01
1.959590083383500314e+01
1.964836254896181345e+01
1.970091109460736334e+01
1.975354670299475401e+01
1.980626960673453141e+01
1.985908003881559125e+01
1.991197823261973099e+01
1.996496442192619725e+01
2.001803884088712948e+01
2.007120172404393088e+01
2.012445330633909180e+01
2.017779382310709479e+01
2.023122351006441022e+01
2.028474260333587154e+01
2.033835133943193796e+01
2.039204995526324637e+01
2.044583868813333538e+01
2.049971777574501175e+01
2.055368745620489790e+01
2.060774796801979392e+01
2.066189955009122059e+01
2.071614244172542385e+01
2.077047688263883174e+01
2.082490311294441199e+01
2.087942137316349545e+01
2.093403190422759508e+01
2.098873494747113000e+01
2.104353074463870144e+01
2.109841953788418323e+01
2.115340156977345032e+01
2.120847708328801673e+01
2.126364632181775960e+01
2.131890952916637616e+01
2.137426694955320272e+01
2.142971882761776214e+01
2.148526540841248789e+01
2.154090693741181894e+01
2.159664366050674289e+01
2.165247582401116233e+01
2.170840367465916643e+01
2.176442745960684988e+01
2.182054742644140788e+01
2.187676382316567469e+01
2.193307689821176609e+01
2.198948690043926035e+01
2.204599407913883624e+01
2.210259868403318251e+01
2.215930096526062698e+01
2.221610117340605939e+01
2.227299955948274146e+01
2.232999637493685441e+01
2.238709187164840841e+01
2.244428630193851859e+01
2.250157991856303852e+01
2.255897297471074125e+01
2.261646572401787125e+01
2.267405842055177345e+01
2.273175131883544964e+01
2.278954467382573057e+01
2.284743874091782345e+01
2.290543377596623031e+01
2.296353003526019165e+01
2.302172777553914784e+01
2.308002725399546762e+01
2.313842872826262465e+01
2.319693245643429691e+01
2.325553869705072429e+01
2.331424770910234656e+01
2.337305975204526476e+01
2.343197508577668486e+01
2.349099397065492667e+01
2.355011666750215227e+01
2.360934343759890908e+01
2.366867454267139692e+01
2.372811024492239085e+01
2.378765080701032275e+01
2.384729649206019531e+01
2.390704756366085348e+01
2.396690428585770860e+01
2.402686692318093264e+01
2.408693574061544496e+01
2.414711100361546414e+01
2.420739297811542201e+01
2.426778193050631671e+01
2.432827812766481657e+01
2.438888183694052714e+01
2.444959332615235326e+01
2.451041286359395599e+01
2.457134071804648556e+01
2.463237715876311995e+01
2.469352245547270286e+01
2.475477687839247665e+01
2.481614069822171587e+01
2.487761418613808928e+01
2.493919761380766431e+01
2.500089125338217855e+01
2.506269537749813026e+01
2.512461025928405434e+01
2.518663617235415586e+01
2.524877339081558603e+01
2.531102218926662317e+01
2.537338284279485379e+01
2.543585562698990543e+01
2.549844081793526129e+01
2.556113869220280321e+01
2.562394952687282057e+01
2.568687359951945837e+01
2.574991118822072167e+01
2.581306257154756167e+01
2.587632802858570358e+01
2.593970783891563769e+01
2.600320228262989986e+01
2.606681164032761444e+01
2.613053619310085196e+01
2.619437622257646581e+01
2.625833201087152702e+01
2.632240384061788063e+01
2.638659199497033114e+01
2.645089675758754311e+01
2.651531841264477407e+01
2.657985724483751255e+01
2.664451353937874956e+01
2.670928758199534059e+01
2.677417965894073859e+01
2.683919005698953697e+01
2.690431906343383162e+01
2.696956696609413484e+01
2.703493405331755639e+01
2.710042061397325597e+01
2.716602693746153818e+01
2.723175331371476204e+01
2.729760003318642703e+01
2.736356738687300094e+01
2.742965566629573004e+01
2.749586516351791943e+01
2.756219617113220011e+01
2.762864898226416699e+01
2.769522389059147827e+01
2.776192119032202754e+01
2.782874117620303878e+01
2.789568414353379922e+01
2.796275038814110303e+01
2.802994020640835515e+01
2.809725389526920480e+01
2.816469175219208410e+01
2.823225407519748842e+01
2.829994116286161443e+01
2.836775331431272207e+01
2.843569082922567759e+01
2.850375400782468205e+01
2.857194315090509917e+01
2.864025855980798951e+01
2.870870053642920539e+01
2.877726938323576178e+01
2.884596540324582747e+01
2.891478890003963897e+01
2.898374017777041445e+01
2.905281954114525433e+01
2.912202729544060276e+01
2.919136374650315702e+01
2.926082920074441063e+01
2.933042396514974826e+01
2.940014834727298876e+01
2.947000265524002316e+01
2.953998719775336212e+01
2.961010228409304545e+01
2.968034822411573259e+01
2.975072532824651717e+01
2.982123390749802638e+01
2.989187427347133053e+01
2.996264673833684355e+01
3.003355161485069402e+01
3.010458921636200103e+01
3.017575985680286976e+01
3.024706385068839154e+01
3.031850151313210517e+01
3.039007315982871660e+01
3.046177910706865077e+01
3.053361967173987068e+01
3.060559517131969187e+01
3.067770592388387740e+01
3.074995224810754735e+01
3.082233446326790727e+01
3.089485288922514883e+01
3.096750784646064858e+01
3.104029965606605401e+01
3.111322863970599428e+01
3.118629511967628787e+01
3.125949941887483874e+01
3.133284186081073130e+01
3.140632276959877345e+01
3.147994246996313450e+01
3.155370128725189716e+01
3.162759954742250557e+01
3.170163757703812735e+01
3.177581570329675742e+01
3.185013425401302811e+01
3.192459355760547624e+01
3.199919394313474186e+01
3.207393574027810246e+01
3.214881927932947292e+01
3.222384489121941442e+01
3.229901290750240150e+01
3.237432366036409803e+01
3.244977748261953820e+01
3.252537470771312655e+01
3.260111566972955188e+01
3.267700070338469232e+01
3.275303014402925328e+01
3.282920432765058649e+01
3.290552359089087986e+01
3.298198827101259667e+01
3.305859870593485539e+01
3.313535523421887774e+01
3.321225819505707477e+01
3.328930792831488361e+01
3.336650477448529273e+01
3.344384907471248880e+01
3.352134117081004661e+01
3.359898140522636822e+01
3.367677012107742485e+01
3.375470766212310991e+01
3.383279437277997204e+01
3.391103059814304288e+01
3.398941668395309534e+01
3.406795297661665245e+01
3.414663982320053037e+01
3.422547757143547642e+01
3.430446656972708297e+01
3.438360716714851151e+01
3.446289971343321668e+01
3.454234455900041212e+01
3.462194205493324262e+01
3.470169255298606004e+01
3.478159640559533727e+01
3.486165396587057330e+01
3.494186558761248307e+01
3.502223162529480760e+01
3.510275243406431400e+01
3.518342836976262333e+01
3.526425978892802959e+01
3.534524704875730094e+01
3.542639050714933546e+01
3.550769052270516113e+01
3.558914745470610796e+01
3.567076166312472196e+01
3.575253350863022206e+01
3.583446335260123305e+01
3.591655155710213876e+01
3.599879848489217693e+01
3.608120449943453423e+01
3.616376996491635509e+01
3.624649524619962904e+01
3.632938070886848436e+01
3.641242671921827423e+01
3.649563364424102474e+01
3.657900185163998685e+01
3.666253170985692122e+01
3.674622358802480449e+01
3.683007785598420014e+01
3.691409488430872443e+01
3.699827504429777036e+01
3.708261870796195581e+01
3.716712624802312348e+01
3.725179803794708278e+01
3.733663445191632491e+01
3.742163586484639382e+01
3.750680265237497224e+01
3.759213519086370070e+01
3.767763385742000537e+01
3.776329902989709808e+01
3.784913108685941552e+01
3.793513040760626609e+01
3.802129737219365779e+01
3.810763236142702226e+01
3.819413575682847295e+01
3.828080794067864190e+01
3.836764929599121388e+01
3.845466020654566819e+01
3.854184105687272677e+01
3.862919223222888832e+01
3.871671411864008405e+01
3.880440710289622075e+01
3.889227157252571487e+01
3.898030791581732046e+01
3.906851652182558610e+01
3.915689778036903590e+01
3.924545208201925561e+01
3.933417981812090147e+01
3.942308138077532931e+01
3.951215716286242241e+01
3.960140755803695356e+01
3.969083296070311917e+01
3.978043376605455705e+01
3.987021037005797552e+01
3.996016316946224833e+01
4.005029256178204378e+01
4.014059894532510953e+01
4.023108271917590173e+01
4.032174428319012804e+01
4.041258403803112742e+01
4.050360238514076627e+01
4.059479972674853343e+01
4.068617646587881609e+01
4.077773300633816689e+01
4.086946975274440774e+01
4.096138711049752601e+01
4.105348548579786438e+01
4.114576528565157787e+01
4.123822691787063377e+01
4.133087079104916484e+01
4.142369731461440097e+01
4.151670689879392739e+01
4.160989995459749480e+01
4.170327689386795100e+01
4.179683812927942199e+01
4.189058407428274222e+01
4.198451514316730027e+01
4.207863175103739195e+01
4.217293431380130642e+01
4.226742324822407681e+01
4.236209897186381568e+01
4.245696190311173268e+01
4.255201246119941061e+01
4.264725106615696859e+01
4.274267813888400269e+01
4.283829410108410229e+01
4.293409937530304887e+01
4.303009438494154892e+01
4.312627955420066428e+01
4.322265530816184764e+01
4.331922207272509695e+01
4.341598027463624021e+01
4.351293034150512540e+01
4.361007270175650774e+01
4.370740778469553334e+01
4.380493602047499735e+01
4.390265784007897309e+01
4.400057367536646780e+01
4.409868395905323268e+01
4.419698912471540098e+01
4.429548960677311698e+01
4.439418584052145889e+01
4.449307826213771477e+01
4.459216730864318379e+01
4.469145341791772807e+01
4.479093702874888550e+01
4.489061858077911893e+01
4.499049851450763526e+01
4.509057727132676519e+01
4.519085529352378217e+01
4.529133302424270369e+01
4.539201090750430012e+01
4.549288938823701756e+01
4.559396891225333093e+01
4.569524992623155413e+01
4.579673287776313373e+01
4.589841821531990718e+01
4.600030638827411167e+01
4.610239784690202214e+01
4.620469304235666641e+01
4.630719242670602398e+01
4.640989645291119814e+01
4.651280557485006284e+01
4.661592024731362471e+01
4.671924092597510025e+01
4.682276806743357156e+01
4.692650212919761543e+01
4.703044356968894135e+01
4.713459284825876239e+01
4.723895042516232934e+01
4.734351676156802569e+01
4.744829231958647142e+01
4.755327756225051417e+01
4.765847295350431523e+01
4.776387895823063445e+01
4.786949604224719224e+01
4.797532467229029862e+01
4.808136531605305208e+01
4.818761844214895973e+01
4.829408452012648922e+01
4.840076402048907767e+01
4.850765741467512271e+01
4.861476517507617245e+01
4.872208777502055455e+01
4.882962568878792808e+01
4.893737939161837858e+01
4.904534935969604703e+01
4.915353607017277682e+01
4.926194000113900984e+01
4.937056163165470934e+01
4.947940144175663590e+01
4.958845991242196760e+01
4.969773752560467983e+01
4.980723476422826934e+01
4.991695211218757322e+01
5.002689005435058789e+01
5.013704907655483112e+01
5.024742966561098001e+01
5.035803230932287988e+01
5.046885749646571639e+01
5.057990571680784342e+01
5.069117746109077416e+01
5.080267322104191408e+01
5.091439348940002674e+01
5.102633875986975909e+01
5.113850952717075415e+01
5.125090628701036621e+01
5.136352953609093674e+01
5.147637977212070837e+01
5.158945749381382484e+01
5.170276320087941713e+01
5.181629739404343127e+01
5.193006057504680939e+01
5.204405324662002386e+01
5.215827591253400897e+01
5.227272907756014320e+01
5.238741324749753403e+01
5.250232892914937111e+01
5.261747663036112499e+01
5.273285686000417627e+01
5.284847012795398769e+01
5.296431694514103583e+01
5.308039782351625036e+01
5.319671327606738487e+01
5.331326381682083593e+01
5.343004996083254809e+01
5.354707222421166080e+01
5.366433112410959438e+01
5.378182717871095520e+01
5.389956090727173432e+01
5.401753283006837592e+01
5.413574346843961393e+01
5.425419334480648104e+01
5.437288298260864394e+01
5.449181290637170605e+01
5.461098364167264663e+01
5.473039571514891577e+01
5.485004965450934833e+01
5.496994598853780190e+01
5.509008524708042387e+01
5.521046796105474641e+01
5.533109466245514341e+01
5.545196588437465834e+01
5.557308216096134856e+01
5.569444402744920808e+01
5.581605202017271949e+01
5.593790667654320714e+01
5.606000853505247505e+01
5.618235813530918676e+01
5.630495601800976146e+01
5.642780272491836513e+01
5.655089879893785110e+01
5.667424478406246635e+01
5.679784122537239455e+01
5.692168866907741176e+01
5.704578766247504973e+01
5.717013875400152756e+01
5.729474249318445800e+01
5.741959943067377026e+01
5.754471011825080495e+01
5.767007510879375332e+01
5.779569495633040788e+01
5.792157021599814470e+01
5.804770144406029431e+01
5.817408919793524547e+01
5.830073403614369454e+01
5.842763651836139616e+01
5.855479720541188726e+01
5.868221665922465036e+01
5.880989544290605409e+01
5.893783412071024941e+01
5.906603325800642779e+01
5.919449342134430481e+01
5.932321517841410241e+01
5.945219909806837677e+01
5.958144575032201828e+01
5.971095570633406169e+01
5.984072953844952281e+01
5.997076782015574281e+01
6.010107112613150093e+01
6.023164003221609164e+01
6.036247511540386768e+01
6.049357695390608569e+01
6.062494612709087960e+01
6.075658321549781249e+01
6.088848880086334248e+01
6.102066346610627079e+01
6.115310779534593166e+01
6.128582237387126952e+01
6.141880778817903774e+01
6.155206462597743666e+01
6.168559347613336286e+01
6.181939492875608266e+01
6.195346957514993846e+01
6.202057527076999577e+01
