1.240411505415598583e+02
1.239069391503035149e+02
1.236387898575085273e+02
1.233711869522630877e+02
1.231041292519548733e+02
1.228376155763653514e+02
1.225716447477461770e+02
1.223062155906809494e+02
1.220413269322198175e+02
1.217769776017339609e+02
1.215131664309847110e+02
1.212498922541853972e+02
1.209871539078267233e+02
1.207249502308222873e+02
1.204632800644139934e+02
1.202021422522520879e+02
1.199415356403042097e+02
1.196814590768990456e+02
1.194219114126753993e+02
1.191628915006440366e+02
1.189043981961367535e+02
1.186464303568354808e+02
1.183889868426922476e+02
1.181320665160055796e+02
1.178756682414132229e+02
1.176197908858339360e+02
1.173644333184493007e+02
1.171095944108128606e+02
1.168552730367264303e+02
1.166014680722873891e+02
1.163481783958632150e+02
1.160954028881205886e+02
1.158431404319962894e+02
1.155913899126608158e+02
1.153401502175802307e+02
1.150894202365016099e+02
1.148391988613620924e+02
1.145894849863689160e+02
1.143402775080066931e+02
1.140915753249500995e+02
1.138433773381511855e+02
1.135956824507557030e+02
1.133484895681103808e+02
1.131017975978684262e+02
1.128556054498440062e+02
1.126099120360195229e+02
1.123647162706220115e+02
1.121200170701013121e+02
1.118758133530827763e+02
1.116321040403490770e+02
1.113888880549020541e+02
1.111461643219154212e+02
1.109039317687493167e+02
1.106621893249175628e+02
1.104209359221094928e+02
1.101801704941535718e+02
1.099398919770756038e+02
1.097000993090223346e+02
1.094607914302905556e+02
1.092219672833489312e+02
1.089836258127543260e+02
1.087457659652245638e+02
1.085083866896056861e+02
1.082714869368828658e+02
1.080350656601331139e+02
1.077991218145216408e+02
1.075636543574291863e+02
1.073286622482301027e+02
1.070941444484269596e+02
1.068600999216650962e+02
1.066265276336343959e+02
1.063934265521347697e+02
1.061607956470325007e+02
1.059286338902784337e+02
1.056969402559006994e+02
1.054657137200083525e+02
1.052349532607258880e+02
1.050046578583023802e+02
1.047748264949950681e+02
1.045454581551239244e+02
1.043165518250680179e+02
1.040881064932400477e+02
1.038601211500899808e+02
1.036325947880868625e+02
1.034055264017588343e+02
1.031789149876276497e+02
1.029527595442377788e+02
1.027270590721855115e+02
1.025018125740280084e+02
1.022770190543451463e+02
1.020526775197431562e+02
1.018287869788000535e+02
1.016053464420911041e+02
1.013823549221779103e+02
1.011598114336084109e+02
1.009377149929350708e+02
1.007160646186457598e+02
1.004948593312219600e+02
1.002740981531060243e+02
1.000537801086975378e+02
9.983390422437878442e+01
9.961446952846017666e+01
9.939547505120935966e+01
9.917691982484029722e+01
9.895880288350235787e+01
9.874112326331305667e+01
9.852388000228165765e+01
9.830707214034191566e+01
9.809069871939209406e+01
9.787475878324039513e+01
9.765925137758313213e+01
9.744417555004110909e+01
9.722953035014506895e+01
9.701531482935388340e+01
9.680152804097087937e+01
9.658816904025661643e+01
9.637523688429791946e+01
9.616273063209519023e+01
9.595064934458423522e+01
9.573899208450529841e+01
9.552775791645763093e+01
9.531694590700499248e+01
9.510655512449375237e+01
9.489658463916202891e+01
9.468703352314332733e+01
9.447790085033557261e+01
9.426918569651752478e+01
9.406088713937788270e+01
9.385300425840250682e+01
9.364553613486350514e+01
9.343848185194656253e+01
9.323184049463452538e+01
9.302561114970012568e+01
9.281979290582239628e+01
9.261438485341204796e+01
9.240938608470969484e+01
9.220479569380404428e+01
9.200061277655549929e+01
9.179683643064345233e+01
9.159346575552262948e+01
9.139049985246674623e+01
9.118793782451029983e+01
9.098577877647403511e+01
9.078402181501223822e+01
9.058266604848176939e+01
9.038171058704028837e+01
9.018115454265716835e+01
8.998099702901890851e+01
8.978123716155096190e+01
8.958187405749777099e+01
8.938290683583181817e+01
8.918433461728636757e+01
8.898615652427906753e+01
8.878837168104655575e+01
8.859097921354259597e+01
8.839397824943080195e+01
8.819736791810646537e+01
8.800114735072565963e+01
8.780531568015794619e+01
8.760987204094635672e+01
8.741481556938379072e+01
8.722014540351665346e+01
8.702586068301025080e+01
8.683196054927248042e+01
8.663844414544655592e+01
8.644531061633460922e+01
8.625255910840132856e+01
8.606018876987218391e+01
8.586819875061337370e+01
8.567658820217184257e+01
8.548535627776800538e+01
8.529450213232121314e+01
8.510402492239882122e+01
8.491392380623074132e+01
8.472419794373126933e+01
8.453484649644451565e+01
8.434586862759897485e+01
8.415726350207478390e+01
8.396903028633823851e+01
8.378116814856184646e+01
8.359367625856248196e+01
8.340655378773953998e+01
8.321979990919135162e+01
8.303341379759149277e+01
8.284739462922516395e+01
8.266174158209469169e+01
8.247645383574126754e+01
8.229153057130315574e+01
8.210697097159572877e+01
8.192277422099505202e+01
8.173893950548517751e+01
8.155546601267633378e+01
8.137235293175763218e+01
8.118959945350434282e+01
8.100720477028153255e+01
8.082516807606589282e+01
8.064348856638389407e+01
8.046216543834452750e+01
8.028119789064658107e+01
8.010058512357136351e+01
7.992032633892449667e+01
7.974042074011595105e+01
7.956086753210911411e+01
7.938166592140260036e+01
7.920281511607026914e+01
7.902431432572120684e+01
7.884616276154702064e+01
7.866835963624180295e+01
7.849090416404214920e+01
7.831379556073807180e+01
7.813703304365117219e+01
7.796061583164191688e+01
7.778454314505142975e+01
7.760881420578880352e+01
7.743342823727653013e+01
7.725838446446141461e+01
7.708368211374909151e+01
7.690932041308769840e+01
7.673529859198242775e+01
7.656161588136092178e+01
7.638827151365330792e+01
7.621526472285768250e+01
7.604259474439822952e+01
7.587026081520889420e+01
7.569826217371155508e+01
7.552659805979419616e+01
7.535526771484001074e+01
7.518427038173103938e+01
7.501360530474994448e+01
7.484327172968914965e+01
7.467326890383628779e+01
7.450359607589052757e+01
7.433425249604624696e+01
7.416523741592391161e+01
7.399655008859190275e+01
7.382818976861744886e+01
7.366015571197203826e+01
7.349244717604960897e+01
7.332506341971384245e+01
7.315800370328361169e+01
7.299126728848204948e+01
7.282485343844018644e+01
7.265876141773333075e+01
7.249299049239562009e+01
7.232753992983634816e+01
7.216240899887270643e+01
7.199759696978799184e+01
7.183310311420063954e+01
7.166892670520246611e+01
7.150506701727135805e+01
7.134152332625308190e+01
7.117829490940857795e+01
7.101538104541396024e+01
7.085278101429867093e+01
7.069049409750732593e+01
7.052851957785242121e+01
7.036685673952888465e+01
7.020550486813226598e+01
7.004446325058961520e+01
6.988373117522132816e+01
6.972330793174842256e+01
6.956319281119431253e+01
6.940338510596484412e+01
6.924388410987012321e+01
6.908468911800082424e+01
6.892579942686279537e+01
6.876721433430066099e+01
6.860893313946144190e+01
6.845095514286367688e+01
6.829327964639742277e+01
6.813590595324058086e+01
6.797883336790619069e+01
6.782206119628972374e+01
6.766558874556358205e+01
6.750941532424258185e+01
6.735354024215484969e+01
6.719796281045273645e+01
6.704268234162373119e+01
6.688769814942497760e+01
6.673300954895967152e+01
6.657861585662612924e+01
6.642451639011778752e+01
6.627071046843411750e+01
6.611719741187334876e+01
6.596397654202883132e+01
6.581104718178175972e+01
6.565840865530117298e+01
6.550606028805123060e+01
6.535400140676938463e+01
6.520223133946274174e+01
6.505074941542625311e+01
6.489955496524271439e+01
6.474864732072455809e+01
6.459802581500844099e+01
6.444768978244246682e+01
6.429763855865894584e+01
6.414787148055620492e+01
6.399838788626948372e+01
6.384918711521459045e+01
6.370026850802969420e+01
6.355163140659715282e+01
6.340327515407261671e+01
6.325519909483773517e+01
6.310740257450743229e+01
6.295988493992626900e+01
6.281264553919027094e+01
6.266568372162146261e+01
6.251899883775331546e+01
6.237259023935257574e+01
6.222645727940835059e+01
6.208059931212483207e+01
6.193501569293221110e+01
6.178970577845393564e+01
6.164466892653035757e+01
6.149990449621509470e+01
6.135541184776775481e+01
6.121119034264120273e+01
6.106723934347974136e+01
6.092355821414093953e+01
6.078014631965925219e+01
6.063700302626239136e+01
6.049412770137678308e+01
6.035151971360573953e+01
6.020917843272582104e+01
6.006710322970138805e+01
5.992529347667186812e+01
5.978374854694084206e+01
5.964246781499787176e+01
5.950145065648939635e+01
5.936069644822964619e+01
5.922020456818972889e+01
5.907997439550672425e+01
5.894000531048004632e+01
5.880029669454779651e+01
5.866084793029767752e+01
5.852165840148700227e+01
5.838272749300813302e+01
5.824405459088120551e+01
5.810563908229050867e+01
5.796748035554264789e+01
5.782957780007927795e+01
5.769193080649529293e+01
5.755453876646970457e+01
5.741740107285295380e+01
5.728051711961779802e+01
5.714388630181019835e+01
5.700750801564936410e+01
5.687138165845135518e+01
5.673550662862726313e+01
5.659988232572686684e+01
5.646450815039315785e+01
5.632938350438234920e+01
5.619450779053840961e+01
5.605988041281671030e+01
5.592550077628038707e+01
5.579136828706577944e+01
5.565748235240607755e+01
5.552384238064587407e+01
5.539044778118295653e+01
5.525729796452651499e+01
5.512439234226440021e+01
5.499173032703583885e+01
5.485931133258964110e+01
5.472713477374782087e+01
5.459520006637467304e+01
5.446350662742952409e+01
5.433205387492489535e+01
5.420084122794287396e+01
5.406986810662965581e+01
5.393913393219008867e+01
5.380863812687130121e+01
5.367838011397907394e+01
5.354835931788329617e+01
5.341857516398886219e+01
5.328902707875931810e+01
5.315971448967684410e+01
5.303063682528772915e+01
5.290179351517508621e+01
5.277318398993702431e+01
5.264480768123758025e+01
5.251666402174487303e+01
5.238875244514929364e+01
5.226107238620352291e+01
5.213362328065704787e+01
5.200640456525979971e+01
5.187941567783127539e+01
5.175265605716958817e+01
5.162612514309330436e+01
5.149982237644144334e+01
5.137374719904255471e+01
5.124789905374564114e+01
5.112227738440924441e+01
5.099688163586870360e+01
5.087171125397617288e+01
5.074676568558970757e+01
5.062204437853324634e+01
5.049754678163117205e+01
5.037327234470649273e+01
5.024922051856992766e+01
5.012539075499626051e+01
5.000178250676071912e+01
4.987839522761714761e+01
4.975522837227617856e+01
4.963228139644161274e+01
4.950955375678313430e+01
4.938704491094540572e+01
4.926475431752623990e+01
4.914268143609479012e+01
4.902082572719154996e+01
4.889918665229924954e+01
4.877776367388287326e+01
4.865655625533327111e+01
4.853556386101081443e+01
4.841478595622902503e+01
4.829422200723092828e+01
4.817387148123088991e+01
4.805373384636550327e+01
4.793380857171541720e+01
4.781409512731806899e+01
4.769459298412039061e+01
4.757530161402246449e+01
4.745622048984478170e+01
4.733734908534279384e+01
4.721868687519599916e+01
4.710023333500612353e+01
4.698198794130985334e+01
4.686395017155336973e+01
4.674611950409052952e+01
4.662849541820469312e+01
4.651107739409781061e+01
4.639386491287223180e+01
4.627685745652343030e+01
4.616005450798547827e+01
4.604345555108011467e+01
4.592706007051856432e+01
4.581086755193246063e+01
4.569487748183928488e+01
4.557908934764964215e+01
4.546350263767089928e+01
4.534811684110900387e+01
4.523293144803210453e+01
4.511794594942330150e+01
4.500315983712789603e+01
4.488857260387339920e+01
4.477418374329681683e+01
4.465999274987370882e+01
4.454599911896548292e+01
4.443220234681029979e+01
4.431860193051761598e+01
4.420519736806454603e+01
4.409198815828131046e+01
4.397897380088397767e+01
4.386615379642353219e+01
4.375352764633134939e+01
4.364109485287917778e+01
4.352885491921369976e+01
4.341680734931833285e+01
4.330495164802414365e+01
4.319328732101712376e+01
4.308181387481818092e+01
4.297053081682315678e+01
4.285943765523734328e+01
4.274853389910640544e+01
4.263781905833093333e+01
4.252729264363733819e+01
4.241695416657603346e+01
4.230680313954871963e+01
4.219683907577200443e+01
4.208706148927740287e+01
4.197746989493680303e+01
4.186806380845700915e+01
4.175884274632699089e+01
4.164980622588700498e+01
4.154095376527766348e+01
4.143228488345084770e+01
4.132379910018607916e+01
4.121549593603958783e+01
4.110737491240979580e+01
4.099943555149002350e+01
4.089167737626667076e+01
4.078409991052467376e+01
4.067670267886205693e+01
4.056948520667356206e+01
4.046244702013063943e+01
4.035558764621237060e+01
4.024890661268182157e+01
4.014240344808604277e+01
4.003607768177062098e+01
3.992992884385603247e+01
3.982395646524309996e+01
3.971816007763118250e+01
3.961253921346906282e+01
3.950709340598768904e+01
3.940182218921654567e+01
3.929672509792544588e+01
3.919180166767000628e+01
3.908705143477345700e+01
3.898247393631390878e+01
3.887806871014981880e+01
3.877383529488906788e+01
3.866977322988896049e+01
3.856588205528532853e+01
3.846216131196160859e+01
3.835861054154702288e+01
3.825522928643840714e+01
3.815201708975655492e+01
3.804897349538987328e+01
3.794609804797255492e+01
3.784339029285911238e+01
3.774084977617167169e+01
3.763847604476541164e+01
3.753626864621037384e+01
3.743422712884239445e+01
3.733235104172308638e+01
3.723063993462710641e+01
3.712909335806944000e+01
3.702771086330540129e+01
3.692649200229425333e+01
3.682543632771375997e+01
3.672454339301111759e+01
3.662381275229017774e+01
3.652324396040239662e+01
3.642283657292318821e+01
3.632259014611554448e+01
3.622250423697914812e+01
3.612257840321217373e+01
3.602281220320764987e+01
3.592320519608620089e+01
3.582375694166512403e+01
3.572446700045293255e+01
3.562533493367118353e+01
3.552636030323083105e+01
3.542754267173768312e+01
3.532888160248876375e+01
3.523037665949232178e+01
3.513202740743145114e+01
3.503383341167136678e+01
3.493579423827577557e+01
3.483790945398141048e+01
3.474017862621803943e+01
3.464260132309027540e+01
3.454517711338121444e+01
3.444790556656698755e+01
3.435078625276037201e+01
3.425381874276718008e+01
3.415700260809171596e+01
3.406033742086401617e+01
3.396382275389078131e+01
3.386745818067720393e+01
3.377124327534511394e+01
3.367517761270755727e+01
3.357926076823423500e+01
3.348349231803331350e+01
3.338787183889508015e+01
3.329239890823919268e+01
3.319707310416561086e+01
3.310189400539456983e+01
3.300686119130841689e+01
3.291197424194615451e+01
3.281723273797433649e+01
3.272263626070889586e+01
3.262818439211696386e+01
3.253387671477321419e+01
3.243971281192170864e+01
3.234569226744133630e+01
3.225181466582216672e+01
3.215807959219819168e+01
3.206448663233641128e+01
3.197103537263137696e+01
3.187772540009791555e+01
3.178455630237476726e+01
3.169152766773368057e+01
3.159863908505758445e+01
3.150589014384422626e+01
3.141328043422799965e+01
3.132080954694538377e+01
3.122847707332221034e+01
3.113628260534824221e+01
3.104422573559168086e+01
3.095230605722099426e+01
3.086052316403220175e+01
3.076887665041067521e+01
3.067736611134932900e+01
3.058599114244680095e+01
3.049475133989290043e+01
3.040364630048679828e+01
3.031267562160792295e+01
3.022183890123051242e+01
3.013113573793634714e+01
3.004056573088746518e+01
2.995012847983161919e+01
2.985982358510045742e+01
2.976965064762589463e+01
2.967960926891646523e+01
2.958969905104822828e+01
2.949991959668659547e+01
2.941027050909542595e+01
2.932075139207336179e+01
2.923136185002113052e+01
2.914210148791789834e+01
2.905296991128852824e+01
2.896396672624541679e+01
2.887509153946120932e+01
2.878634395817607583e+01
2.869772359020134900e+01
2.860923004390679125e+01
2.852086292820786184e+01
2.843262185259118269e+01
2.834450642710362445e+01
2.825651626234321157e+01
2.816865096946639824e+01
2.808091016016987851e+01
2.799329344670695718e+01
2.790580044188936881e+01
2.781843075905453588e+01
2.773118401209649164e+01
2.764405981546042312e+01
2.755705778412266227e+01
2.747017753359978087e+01
2.738341867994859058e+01
2.729678083976068592e+01
2.721026363016790128e+01
2.712386666882412101e+01
2.703758957393074525e+01
2.695143196420758613e+01
2.686539345890196273e+01
2.677947367779233900e+01
2.669367224117922888e+01
2.660798876988519623e+01
2.652242288526213088e+01
2.643697420916214469e+01
2.635164236398304638e+01
2.626642697262104775e+01
2.618132765847985866e+01
2.609634404550160980e+01
2.601147575811774004e+01
2.592672242126718629e+01
2.584208366041639238e+01
2.575755910152656725e+01
2.567314837107005587e+01
2.558885109600669239e+01
2.550466690380926593e+01
2.542059542245442572e+01
2.533663628041176707e+01
2.525278910664019349e+01
2.516905353060064954e+01
2.508542918225793983e+01
2.500191569204071129e+01
2.491851269089784182e+01
2.483521981024750858e+01
2.475203668200447282e+01
2.466896293855643307e+01
2.458599821278221498e+01
2.450314213804813335e+01
2.442039434819162125e+01
2.433775447753214394e+01
2.425522216086210392e+01
2.417279703345593589e+01
2.409047873105919280e+01
2.400826688988854585e+01
2.392616114662996551e+01
2.384416113844054053e+01
2.376226650294302090e+01
2.368047687822763692e+01
2.359879190284664219e+01
2.351721121581613261e+01
2.343573445661604637e+01
2.335436126518106903e+01
2.327309128190063348e+01
2.319192414762801491e+01
2.311085950366759789e+01
2.302989699177305738e+01
2.294903625415463466e+01
2.286827693347186141e+01
2.278761867283355969e+01
2.270706111578874697e+01
2.262660390633391216e+01
2.254624668892029149e+01
2.246598910841748875e+01
2.238583081015713105e+01
2.230577143990194600e+01
2.222581064385121863e+01
2.214594806864261045e+01
2.206618336133760749e+01
2.198651616944152920e+01
2.190694614089443348e+01
2.182747292405656481e+01
2.174809616769925924e+01
2.166881552106133313e+01
2.158963063378178049e+01
2.151054115591250593e+01
2.143154673794924747e+01
2.135264703079155879e+01
2.127384168577191303e+01
2.119513035462296102e+01
2.111651268950299709e+01
2.103798834299232112e+01
2.095955696806777269e+01
2.088121821812092094e+01
2.080297174695988360e+01
2.072481720879477507e+01
2.064675425823588739e+01
2.056878255031733715e+01
2.049090174045704771e+01
2.041311148448585300e+01
2.033541143862566969e+01
2.025780125951314403e+01
2.018028060416691005e+01
2.010284912999668450e+01
2.002550649482509471e+01
1.994825235685675580e+01
1.987108637468554662e+01
1.979400820730006672e+01
1.971701751407636038e+01
1.964011395476700272e+01
1.956329718952838448e+01
1.948656687887887529e+01
1.940992268373884144e+01
1.933336426540154207e+01
1.925689128553312912e+01
1.918050340618174232e+01
1.910420028977387119e+01
1.902798159911253606e+01
1.895184699736273615e+01
1.887579614807327744e+01
1.879982871516585874e+01
1.872394436290596786e+01
1.864814275595381332e+01
1.857242355932794453e+01
1.849678643840525183e+01
1.842123105892460444e+01
1.834575708699594543e+01
1.827036418907846382e+01
1.819505203199514654e+01
1.811982028292914038e+01
1.804466860940374318e+01
1.796959667931878357e+01
1.789460416090878425e+01
1.781969072276660881e+01
1.774485603382709087e+01
1.767009976338522392e+01
1.759542158107433352e+01
1.752082115688062913e+01
1.744629816112319531e+01
1.737185226446126762e+01
1.729748313790878456e+01
1.722319045281619765e+01
1.714897388086137653e+01
1.707483309406597982e+01
1.700076776478454121e+01
1.692677756570628844e+01
1.685286216985150531e+01
1.677902125057335070e+01
1.670525448155240156e+01
1.663156153679483396e+01
1.655794209063060407e+01
1.648439581773163809e+01
1.641092239306999545e+01
1.633752149194879166e+01
1.626419279000401730e+01
1.619093596316815820e+01
1.611775068771021324e+01
1.604463664020477154e+01
1.597159349753928836e+01
1.589862093692863709e+01
1.582571863589328132e+01
1.575288627225017990e+01
1.568012352414007182e+01
1.560743007001656224e+01
1.553480558862429461e+01
1.546224975901714060e+01
1.538976226055729057e+01
1.531734277290706814e+01
1.524499097602893016e+01
1.517270655018728576e+01
1.510048917593030637e+01
1.502833853411721066e+01
1.495625430590644100e+01
1.488423617273565469e+01
1.481228381633991376e+01
1.474039691874622804e+01
1.466857516226991720e+01
1.459681822951552022e+01
1.452512580337315740e+01
1.445349756701671140e+01
1.438193320390564622e+01
1.431043239778318821e+01
1.423899483266723109e+01
1.416762019286034047e+01
1.409630816294520628e+01
1.402505842777463840e+01
1.395387067247884261e+01
1.388274458246814902e+01
1.381167984341664123e+01
1.374067614127488923e+01
1.366973316225994495e+01
1.359885059285807074e+01
1.352802811982746789e+01
1.345726543018281518e+01
1.338656221121163981e+01
1.331591815046613192e+01
1.324533293574040727e+01
1.317480625511052494e+01
1.310433779690265510e+01
1.303392724969853589e+01
1.296357430234456842e+01
1.289327864393180789e+01
1.282303996380778699e+01
1.275285795156742097e+01
1.268273229706483107e+01
1.261266269040061161e+01
1.254264882192455843e+01
1.247269038222020754e+01
1.240278706212757243e+01
1.233293855273404915e+01
1.226314454536532139e+01
1.219340473157717497e+01
1.212371880317550676e+01
1.205408645220632025e+01
1.198450737094481156e+01
1.191498125191174040e+01
1.184550778784887370e+01
1.177608667173990398e+01
1.170671759680044488e+01
1.163740025647075527e+01
1.156813434441664867e+01
1.149891955454040726e+01
1.142975558097077737e+01
1.136064211805296509e+01
1.129157886036136915e+01
1.122256550268230058e+01
1.115360174003672000e+01
1.108468726765931933e+01
1.101582178100034071e+01
1.094700497572375752e+01
1.087823654771727888e+01
1.080951619307779765e+01
1.074084360811411898e+01
1.067221848934332229e+01
1.060364053349712776e+01
1.053510943751916784e+01
1.046662489854770683e+01
1.039818661393837829e+01
1.032979428124872356e+01
1.026144759823364438e+01
1.019314626285540726e+01
1.012488997327909601e+01
1.005667842785260291e+01
9.988511325146646413e+00
9.920388363915662921e+00
9.852309243101444736e+00
9.784273661847691983e+00
9.716281319492736657e+00
9.648331915564085648e+00
9.580425149776601756e+00
9.512560722037051164e+00
9.444738332436827477e+00
9.376957681245585263e+00
9.309218468935796409e+00
9.241520396150008310e+00
9.173863163711757807e+00
9.106246472636485123e+00
9.038670024101520539e+00
8.971133519472459739e+00
8.903636660298616334e+00
8.836179148290284502e+00
8.768760685336019378e+00
8.701380973501727567e+00
8.634039715019753203e+00
8.566736612296153908e+00
8.499471367898877361e+00
8.432243684571403719e+00
8.365053265221831680e+00
8.297899812915602524e+00
8.230783030889142537e+00
8.163702622536220588e+00
8.096658291415224085e+00
8.029649741247339989e+00
7.962676675895636436e+00
7.895738799397804542e+00
7.828835815941602050e+00
7.761967429863034340e+00
7.695133345659087354e+00
7.628333267976813659e+00
7.561566901608784974e+00
7.494833951495820656e+00
7.428134122736082645e+00
7.361467120566885569e+00
7.294832650369244220e+00
7.228230417673330521e+00
7.161660128151197569e+00
7.095121487605865696e+00
7.028614201994059840e+00
6.962137977406200662e+00
6.895692520060947572e+00
6.829277536328845599e+00
6.762892732708678523e+00
6.696537815825649886e+00
6.630212492439568450e+00
6.563916469452124147e+00
6.497649453885060211e+00
6.431411152885630145e+00
6.365201273732964182e+00
6.299019523831702827e+00
6.232865610711087356e+00
6.166739242019502854e+00
6.100640125529935176e+00
6.034567969136332977e+00
5.968522480853607703e+00
5.902503368807629158e+00
5.836510341246139433e+00
5.770543106536024425e+00
5.704601373147852428e+00
5.638684849670426047e+00
5.572793244803506241e+00
5.506926267359631311e+00
5.441083626263207407e+00
5.375265030530499644e+00
5.309470189299645426e+00
5.243698811806098092e+00
5.177950607390812365e+00
5.112225285505701322e+00
5.046522555685442057e+00
4.980842127580217493e+00
4.915183710937526484e+00
4.849547015588541399e+00
4.783931751474483463e+00
4.718337628631161351e+00
4.652764357178966748e+00
4.587211647331969289e+00
4.521679209400645050e+00
4.456166753785510082e+00
4.390673990970753948e+00
4.325200631527877704e+00
4.259746386117512884e+00
4.194310965478507569e+00
4.128894080441568804e+00
4.063495441912891692e+00
3.998114760878706875e+00
3.932751748413465975e+00
3.867406115659832722e+00
3.802077573837777891e+00
3.736765834250945773e+00
3.671470608270283265e+00
3.606191607339496841e+00
3.540928542976871540e+00
3.475681126773451979e+00
3.410449070383037906e+00
3.345232085531279154e+00
3.280029884012947150e+00
3.214842177677383006e+00
3.149668678450325388e+00
3.084509098319358600e+00
3.019363149321179662e+00
2.954230543567973655e+00
2.889110993223766854e+00
2.824004210501698253e+00
2.758909907692213892e+00
2.693827797123958590e+00
2.628757591182875331e+00
2.563699002313114761e+00
2.498651743000664283e+00
2.433615525792447443e+00
2.368590063277224544e+00
2.303575068092868605e+00
2.238570252920908388e+00
2.173575330491075874e+00
2.108590013583125256e+00
2.043614015004095563e+00
1.978647047611957532e+00
1.913688824307428149e+00
1.848739058022147219e+00
1.783797461728681810e+00
1.718863748434159788e+00
1.653937631185726786e+00
1.589018823060541763e+00
1.524107037164867506e+00
1.459201986637708615e+00
1.394303384648083011e+00
1.329410944403207395e+00
1.264524379123940889e+00
1.199643402055698971e+00
1.134767726486643369e+00
1.069897065708573791e+00
1.005031133041484281e+00
9.401696418362917029e-01
8.753123054493698874e-01
8.104588372652870021e-01
7.456089506840726244e-01
6.807623591093943105e-01
6.159187759776614257e-01
5.510779147316497983e-01
4.862394888223207090e-01
4.214032117124588694e-01
3.565687968757629278e-01
2.917359577977549634e-01
2.269044079712330131e-01
1.620738608826286509e-01
9.724403003383486066e-02
3.241462892856361577e-02
-3.241462892856361577e-02
-9.724403003383486066e-02
-1.620738608826286509e-01
-2.269044079712330131e-01
-2.917359577986644581e-01
-3.565687968757629278e-01
-4.214032117115493747e-01
-4.862394888223207090e-01
-5.510779147316497983e-01
-6.159187759776614257e-01
-6.807623591103038052e-01
-7.456089506804346456e-01
-8.104588372671059915e-01
-8.753123054520983715e-01
-9.401696418344727135e-01
-1.005031133041484281e+00
-1.069897065708573791e+00
-1.134767726486643369e+00
-1.199643402055698971e+00
-1.264524379123031395e+00
-1.329410944404116890e+00
-1.394303384648083011e+00
-1.459201986637708615e+00
-1.524107037163958012e+00
-1.589018823059632268e+00
-1.653937631185726786e+00
-1.718863748435978778e+00
-1.783797461728681810e+00
-1.848739058022147219e+00
-1.913688824307428149e+00
-1.978647047611957532e+00
-2.043614015004095563e+00
-2.108590013583125256e+00
-2.173575330491075874e+00
-2.238570252920908388e+00
-2.303575068092868605e+00
-2.368590063277224544e+00
-2.433615525792447443e+00
-2.498651743001573777e+00
-2.563699002313114761e+00
-2.628757591182875331e+00
-2.693827797123958590e+00
-2.758909907693123387e+00
-2.824004210502607748e+00
-2.889110993224676349e+00
-2.954230543566154665e+00
-3.019363149321179662e+00
-3.084509098319358600e+00
-3.149668678451234882e+00
-3.214842177679201995e+00
-3.280029884011128161e+00
-3.345232085530369659e+00
-3.410449070383037906e+00
-3.475681126773451979e+00
-3.540928542979600024e+00
-3.606191607339496841e+00
-3.671470608267554780e+00
-3.736765834250945773e+00
-3.802077573837777891e+00
-3.867406115659832722e+00
-3.932751748413465975e+00
-3.998114760877797380e+00
-4.063495441912891692e+00
-4.128894080441568804e+00
-4.194310965477598074e+00
-4.259746386117512884e+00
-4.325200631530606188e+00
-4.390673990970753948e+00
-4.456166753784600587e+00
-4.521679209401554544e+00
-4.587211647332878783e+00
-4.652764357178057253e+00
-4.718337628631161351e+00
-4.783931751474483463e+00
-4.849547015589450893e+00
-4.915183710937526484e+00
-4.980842127577489009e+00
-5.046522555685442057e+00
-5.112225285507520312e+00
-5.177950607390812365e+00
-5.243698811807007587e+00
-5.309470189299645426e+00
-5.375265030528680654e+00
-5.441083626263207407e+00
-5.506926267359631311e+00
-5.572793244802596746e+00
-5.638684849669516552e+00
-5.704601373148761922e+00
-5.770543106535114930e+00
-5.836510341246139433e+00
-5.902503368809448148e+00
-5.968522480853607703e+00
-6.034567969136332977e+00
-6.100640125529025681e+00
-6.166739242017683864e+00
-6.232865610711996851e+00
-6.299019523831702827e+00
-6.365201273732054688e+00
-6.431411152885630145e+00
-6.497649453885969706e+00
-6.563916469452124147e+00
-6.630212492439568450e+00
-6.696537815826559381e+00
-6.762892732706859533e+00
-6.829277536329755094e+00
-6.895692520060947572e+00
-6.962137977405291167e+00
-7.028614201993150346e+00
-7.095121487604956201e+00
-7.161660128151197569e+00
-7.228230417673330521e+00
-7.294832650369244220e+00
-7.361467120565976074e+00
-7.428134122736082645e+00
-7.494833951496730151e+00
-7.561566901607875479e+00
-7.628333267976813659e+00
-7.695133345659996849e+00
-7.761967429863034340e+00
-7.828835815938873566e+00
-7.895738799396895047e+00
-7.962676675898364920e+00
-8.029649741247339989e+00
-8.096658291417043074e+00
-8.163702622537130082e+00
-8.230783030887323548e+00
-8.297899812911964545e+00
-8.365053265222741175e+00
-8.432243684574132203e+00
-8.499471367899786856e+00
-8.566736612296153908e+00
-8.634039715018843708e+00
-8.701380973501727567e+00
-8.768760685336019378e+00
-8.836179148290284502e+00
-8.903636660297706840e+00
-8.971133519472459739e+00
-9.038670024101520539e+00
-9.106246472634666134e+00
-9.173863163712667301e+00
-9.241520396151827299e+00
-9.309218468935796409e+00
-9.376957681247404253e+00
-9.444738332435008488e+00
-9.512560722034322680e+00
-9.580425149776601756e+00
-9.648331915563176153e+00
-9.716281319493646151e+00
-9.784273661847691983e+00
-9.852309243099625746e+00
-9.920388363915662921e+00
-9.988511325147555908e+00
-1.005667842785260291e+01
-1.012488997328091500e+01
-1.019314626285540726e+01
-1.026144759823364438e+01
-1.032979428124872356e+01
-1.039818661393746879e+01
-1.046662489854770683e+01
-1.053510943751734885e+01
-1.060364053349894675e+01
-1.067221848934332229e+01
-1.074084360811229999e+01
-1.080951619307688816e+01
-1.087823654771727888e+01
-1.094700497572557651e+01
-1.101582178100125020e+01
-1.108468726765931933e+01
-1.115360174003490101e+01
-1.122256550268230058e+01
-1.129157886036318814e+01
-1.136064211805478408e+01
-1.142975558096986788e+01
-1.149891955454313575e+01
-1.156813434441573918e+01
-1.163740025646711729e+01
-1.170671759679953539e+01
-1.177608667174081347e+01
-1.184550778784887370e+01
-1.191498125191174040e+01
-1.198450737094572105e+01
-1.205408645220722974e+01
-1.212371880317459727e+01
-1.219340473157717497e+01
-1.226314454536623089e+01
-1.233293855273404915e+01
-1.240278706212848192e+01
-1.247269038222020754e+01
-1.254264882192455843e+01
-1.261266269040152110e+01
-1.268273229706483107e+01
-1.275285795156833046e+01
-1.282303996380778699e+01
-1.289327864393089840e+01
-1.296357430234456842e+01
-1.303392724969944538e+01
-1.310433779690174561e+01
-1.317480625510961545e+01
-1.324533293573949777e+01
-1.331591815046522242e+01
-1.338656221121436829e+01
-1.345726543018372467e+01
-1.352802811982655840e+01
-1.359885059285898024e+01
-1.366973316225994495e+01
-1.374067614127397974e+01
-1.381167984341664123e+01
-1.388274458246723952e+01
-1.395387067247884261e+01
-1.402505842777645739e+01
-1.409630816294611577e+01
-1.416762019285943097e+01
-1.423899483266723109e+01
-1.431043239778409770e+01
-1.438193320390655572e+01
-1.445349756701671140e+01
-1.452512580337315740e+01
-1.459681822951552022e+01
-1.466857516227173619e+01
-1.474039691874440905e+01
-1.481228381633809477e+01
-1.488423617273656419e+01
-1.495625430590644100e+01
-1.502833853411993914e+01
-1.510048917593121587e+01
-1.517270655018364778e+01
-1.524499097602620168e+01
-1.531734277290888713e+01
-1.538976226055729057e+01
-1.546224975901895959e+01
-1.553480558862429461e+01
-1.560743007001656224e+01
-1.568012352414189081e+01
-1.575288627224836091e+01
-1.582571863589328132e+01
-1.589862093692863709e+01
-1.597159349753565039e+01
-1.604463664020477154e+01
-1.611775068771021324e+01
-1.619093596316815820e+01
-1.626419279000219831e+01
-1.633752149194879166e+01
-1.641092239306999545e+01
-1.648439581773527607e+01
-1.655794209063242306e+01
-1.663156153679119598e+01
-1.670525448155240156e+01
-1.677902125057516969e+01
-1.685286216985332430e+01
-1.692677756570628844e+01
-1.700076776478454121e+01
-1.707483309406416083e+01
-1.714897388086137653e+01
-1.722319045281983563e+01
-1.729748313791060355e+01
-1.737185226445944863e+01
-1.744629816111955734e+01
-1.752082115688244812e+01
-1.759542158107797150e+01
-1.767009976338522392e+01
-1.774485603382709087e+01
-1.781969072276660881e+01
-1.789460416091060324e+01
-1.796959667931696458e+01
-1.804466860940556217e+01
-1.811982028292914038e+01
-1.819505203199514654e+01
-1.827036418907664483e+01
-1.834575708699594543e+01
-1.842123105892642343e+01
-1.849678643840525183e+01
-1.857242355932794453e+01
-1.864814275595199433e+01
-1.872394436290778685e+01
-1.879982871516403975e+01
-1.887579614807327744e+01
-1.895184699736273615e+01
-1.902798159911071707e+01
-1.910420028977387119e+01
-1.918050340618356131e+01
-1.925689128553131013e+01
-1.933336426539972308e+01
-1.940992268374066043e+01
-1.948656687888251327e+01
-1.956329718952656549e+01
-1.964011395476700272e+01
-1.971701751407272241e+01
-1.979400820730188570e+01
-1.987108637468554662e+01
-1.994825235685311782e+01
-2.002550649482691369e+01
-2.010284912999850349e+01
-2.018028060416691005e+01
-2.025780125951132504e+01
-2.033541143862748868e+01
-2.041311148448585300e+01
-2.049090174045886670e+01
-2.056878255031733715e+01
-2.064675425823588739e+01
-2.072481720879295608e+01
-2.080297174695624562e+01
-2.088121821811910195e+01
-2.095955696807322965e+01
-2.103798834299232112e+01
-2.111651268950299709e+01
-2.119513035462296102e+01
-2.127384168577009405e+01
-2.135264703079155879e+01
-2.143154673794924747e+01
-2.151054115591250593e+01
-2.158963063377996150e+01
-2.166881552106679010e+01
-2.174809616770107823e+01
-2.182747292404928885e+01
-2.190694614089625247e+01
-2.198651616944334819e+01
-2.206618336133578850e+01
-2.214594806864079146e+01
-2.222581064385303762e+01
-2.230577143990376499e+01
-2.238583081015713105e+01
-2.246598910841748875e+01
-2.254624668892029149e+01
-2.262660390633391216e+01
-2.270706111578692799e+01
-2.278761867283355969e+01
-2.286827693347368040e+01
-2.294903625415463466e+01
-2.302989699176941940e+01
-2.311085950366759789e+01
-2.319192414762801491e+01
-2.327309128190063348e+01
-2.335436126518106903e+01
-2.343573445661786536e+01
-2.351721121581795160e+01
-2.359879190284664219e+01
-2.368047687823127490e+01
-2.376226650294483989e+01
-2.384416113843690255e+01
-2.392616114662450855e+01
-2.400826688989036484e+01
-2.409047873106101179e+01
-2.417279703345229791e+01
-2.425522216086028493e+01
-2.433775447753214394e+01
-2.442039434819344024e+01
-2.450314213804813335e+01
-2.458599821278221498e+01
-2.466896293855461408e+01
-2.475203668200265383e+01
-2.483521981024932757e+01
-2.491851269089966081e+01
-2.500191569204253028e+01
-2.508542918225430185e+01
-2.516905353060246853e+01
-2.525278910664019349e+01
-2.533663628040994809e+01
-2.542059542245260673e+01
-2.550466690380926593e+01
-2.558885109600669239e+01
-2.567314837107005587e+01
-2.575755910153020523e+01
-2.584208366042003036e+01
-2.592672242126718629e+01
-2.601147575811410206e+01
-2.609634404549797182e+01
-2.618132765848167764e+01
-2.626642697262104775e+01
-2.635164236398122739e+01
-2.643697420916214469e+01
-2.652242288526394987e+01
-2.660798876988519623e+01
-2.669367224117922888e+01
-2.677947367779233900e+01
-2.686539345889832475e+01
-2.695143196420940512e+01
-2.703758957393256424e+01
-2.712386666882594000e+01
-2.721026363016608229e+01
-2.729678083975886693e+01
-2.738341867994677159e+01
-2.747017753360159986e+01
-2.755705778412266227e+01
-2.764405981545860413e+01
-2.773118401209649164e+01
-2.781843075905453588e+01
-2.790580044188936881e+01
-2.799329344671059516e+01
-2.808091016016987851e+01
-2.816865096946639824e+01
-2.825651626234321157e+01
-2.834450642710362445e+01
-2.843262185259300168e+01
-2.852086292820968083e+01
-2.860923004390497226e+01
-2.869772359019953001e+01
-2.878634395817789482e+01
-2.887509153946120932e+01
-2.896396672624541679e+01
-2.905296991128670925e+01
-2.914210148791607935e+01
-2.923136185002113052e+01
-2.932075139207518077e+01
-2.941027050909360696e+01
-2.949991959669023345e+01
-2.958969905104640929e+01
-2.967960926891464624e+01
-2.976965064763135160e+01
-2.985982358509863843e+01
-2.995012847982980020e+01
-3.004056573088746518e+01
-3.013113573793816613e+01
-3.022183890123051242e+01
-3.031267562160428497e+01
-3.040364630048679828e+01
-3.049475133989653841e+01
-3.058599114244680095e+01
-3.067736611134932900e+01
-3.076887665040885622e+01
-3.086052316403220175e+01
-3.095230605722281325e+01
-3.104422573559168086e+01
-3.113628260535188019e+01
-3.122847707332039136e+01
-3.132080954693810781e+01
-3.141328043422981864e+01
-3.150589014384786424e+01
-3.159863908505940344e+01
-3.169152766773549956e+01
-3.178455630237476726e+01
-3.187772540009609656e+01
-3.197103537263137696e+01
-3.206448663233823027e+01
-3.215807959220001067e+01
-3.225181466582216672e+01
-3.234569226744497428e+01
-3.243971281192170864e+01
-3.253387671476775722e+01
-3.262818439211696386e+01
-3.272263626071253384e+01
-3.281723273797433649e+01
-3.291197424194797350e+01
-3.300686119131023588e+01
-3.310189400539093185e+01
-3.319707310416015389e+01
-3.329239890824283066e+01
-3.338787183889326116e+01
-3.348349231803513248e+01
-3.357926076823423500e+01
-3.367517761270755727e+01
-3.377124327534511394e+01
-3.386745818067720393e+01
-3.396382275389441929e+01
-3.406033742086219718e+01
-3.415700260808989697e+01
-3.425381874277081806e+01
-3.435078625276037201e+01
-3.444790556656334957e+01
-3.454517711338121444e+01
-3.464260132309027540e+01
-3.474017862622349639e+01
-3.483790945398141048e+01
-3.493579423827031860e+01
-3.503383341167136678e+01
-3.513202740743327013e+01
-3.523037665949232178e+01
-3.532888160248876375e+01
-3.542754267173586413e+01
-3.552636030323083105e+01
-3.562533493367300252e+01
-3.572446700045293255e+01
-3.582375694166330504e+01
-3.592320519608620089e+01
-3.602281220320946886e+01
-3.612257840321035474e+01
-3.622250423697914812e+01
-3.632259014611554448e+01
-3.642283657292318821e+01
-3.652324396040239662e+01
-3.662381275228835875e+01
-3.672454339300929860e+01
-3.682543632771921693e+01
-3.692649200229425333e+01
-3.702771086330358230e+01
-3.712909335807307798e+01
-3.723063993462528742e+01
-3.733235104172308638e+01
-3.743422712884603243e+01
-3.753626864620855486e+01
-3.763847604476177366e+01
-3.774084977617349068e+01
-3.784339029285547440e+01
-3.794609804797073593e+01
-3.804897349539351126e+01
-3.815201708975473593e+01
-3.825522928643840714e+01
-3.835861054155066086e+01
-3.846216131196160859e+01
-3.856588205528532853e+01
-3.866977322988896049e+01
-3.877383529488906788e+01
-3.887806871014981880e+01
-3.898247393631390878e+01
-3.908705143477345700e+01
-3.919180166767000628e+01
-3.929672509792362689e+01
-3.940182218921472668e+01
-3.950709340598950803e+01
-3.961253921346906282e+01
-3.971816007763118250e+01
-3.982395646523946198e+01
-3.992992884385239449e+01
-4.003607768177425896e+01
-4.014240344808786176e+01
-4.024890661267818359e+01
-4.035558764621418959e+01
-4.046244702012882044e+01
-4.056948520667174307e+01
-4.067670267886387592e+01
-4.078409991052649275e+01
-4.089167737626667076e+01
-4.099943555149002350e+01
-4.110737491240979580e+01
-4.121549593603958783e+01
-4.132379910018244118e+01
-4.143228488345084770e+01
-4.154095376527766348e+01
-4.164980622588882397e+01
-4.175884274632699089e+01
-4.186806380845519016e+01
-4.197746989494226000e+01
-4.208706148927740287e+01
-4.219683907576836646e+01
-4.230680313954690064e+01
-4.241695416657603346e+01
-4.252729264363551920e+01
-4.263781905833275232e+01
-4.274853389910640544e+01
-4.285943765523552429e+01
-4.297053081682497577e+01
-4.308181387482363789e+01
-4.319328732101348578e+01
-4.330495164802232466e+01
-4.341680734931833285e+01
-4.352885491921369976e+01
-4.364109485288281576e+01
-4.375352764633134939e+01
-4.386615379642353219e+01
-4.397897380087852071e+01
-4.409198815827767248e+01
-4.420519736806636502e+01
-4.431860193052125396e+01
-4.443220234681211878e+01
-4.454599911896548292e+01
-4.465999274987370882e+01
-4.477418374329681683e+01
-4.488857260387703718e+01
-4.500315983712607704e+01
-4.511794594942148251e+01
-4.523293144803574251e+01
-4.534811684110354690e+01
-4.546350263767089928e+01
-4.557908934765146114e+01
-4.569487748183564690e+01
-4.581086755193246063e+01
-4.592706007052038331e+01
-4.604345555107829568e+01
-4.616005450799093524e+01
-4.627685745652524929e+01
-4.639386491286859382e+01
-4.651107739410144859e+01
-4.662849541820469312e+01
-4.674611950409052952e+01
-4.686395017155336973e+01
-4.698198794130985334e+01
-4.710023333500430454e+01
-4.721868687519781815e+01
-4.733734908534279384e+01
-4.745622048984478170e+01
-4.757530161402064550e+01
-4.769459298412039061e+01
-4.781409512732170697e+01
-4.793380857171541720e+01
-4.805373384636186529e+01
-4.817387148123088991e+01
-4.829422200723092828e+01
-4.841478595623084402e+01
-4.853556386101263342e+01
-4.865655625532963313e+01
-4.877776367388105427e+01
-4.889918665230470651e+01
-4.902082572718791198e+01
-4.914268143609297113e+01
-4.926475431752623990e+01
-4.938704491094540572e+01
-4.950955375678495329e+01
-4.963228139644343173e+01
-4.975522837227617856e+01
-4.987839522761532862e+01
-5.000178250676435709e+01
-5.012539075499626051e+01
-5.024922051856810867e+01
-5.037327234470831172e+01
-5.049754678163117205e+01
-5.062204437853324634e+01
-5.074676568558970757e+01
-5.087171125397981086e+01
-5.099688163587052259e+01
-5.112227738440560643e+01
-5.124789905374564114e+01
-5.137374719903891673e+01
-5.149982237644144334e+01
-5.162612514309512335e+01
-5.175265605717140716e+01
-5.187941567783127539e+01
-5.200640456525979971e+01
-5.213362328065522888e+01
-5.226107238620170392e+01
-5.238875244515293161e+01
-5.251666402174305404e+01
-5.264480768123576127e+01
-5.277318398994066229e+01
-5.290179351517508621e+01
-5.303063682528954814e+01
-5.315971448967502511e+01
-5.328902707875749911e+01
-5.341857516399068118e+01
-5.354835931788147718e+01
-5.367838011397907394e+01
-5.380863812686766323e+01
-5.393913393218826968e+01
-5.406986810663511278e+01
-5.420084122794651194e+01
-5.433205387492307636e+01
-5.446350662742952409e+01
-5.459520006637285405e+01
-5.472713477374600188e+01
-5.485931133259146009e+01
-5.499173032703583885e+01
-5.512439234226440021e+01
-5.525729796452833398e+01
-5.539044778118295653e+01
-5.552384238064405508e+01
-5.565748235240607755e+01
-5.579136828706759843e+01
-5.592550077628220606e+01
-5.605988041281671030e+01
-5.619450779053840961e+01
-5.632938350438416819e+01
-5.646450815039497684e+01
-5.659988232572322886e+01
-5.673550662862544414e+01
-5.687138165845135518e+01
-5.700750801564936410e+01
-5.714388630181019835e+01
-5.728051711961597903e+01
-5.741740107285841077e+01
-5.755453876647152356e+01
-5.769193080649165495e+01
-5.782957780007927795e+01
-5.796748035554082890e+01
-5.810563908229050867e+01
-5.824405459088120551e+01
-5.838272749300631403e+01
-5.852165840148882126e+01
-5.866084793029949651e+01
-5.880029669454597752e+01
-5.894000531048004632e+01
-5.907997439550672425e+01
-5.922020456818609091e+01
-5.936069644823146518e+01
-5.950145065649303433e+01
-5.964246781499605277e+01
-5.978374854694266105e+01
-5.992529347667368711e+01
-6.006710322970138805e+01
-6.020917843272400205e+01
-6.035151971360573953e+01
-6.049412770137678308e+01
-6.063700302626421035e+01
-6.078014631965743320e+01
-6.092355821413730155e+01
-6.106723934347974136e+01
-6.121119034263938374e+01
-6.135541184776775481e+01
-6.149990449621509470e+01
-6.164466892653581453e+01
-6.178970577845029766e+01
-6.193501569292129716e+01
-6.208059931213210803e+01
-6.222645727941198857e+01
-6.237259023935257574e+01
-6.251899883774967748e+01
-6.266568372162146261e+01
-6.281264553919754690e+01
-6.295988493992626900e+01
-6.310740257450379431e+01
-6.325519909484501113e+01
-6.340327515407625469e+01
-6.355163140659351484e+01
-6.370026850802605622e+01
-6.384918711521095247e+01
-6.399838788626948372e+01
-6.414787148055620492e+01
-6.429763855865894584e+01
-6.444768978243882884e+01
-6.459802581500480301e+01
-6.474864732072819606e+01
-6.489955496523907641e+01
-6.505074941542625311e+01
-6.520223133945910376e+01
-6.535400140676938463e+01
-6.550606028805850656e+01
-6.565840865530117298e+01
-6.581104718178175972e+01
-6.596397654202519334e+01
-6.611719741186971078e+01
-6.627071046843775548e+01
-6.642451639011414954e+01
-6.657861585662976722e+01
-6.673300954897058546e+01
-6.688769814942497760e+01
-6.704268234162009321e+01
-6.719796281045273645e+01
-6.735354024215484969e+01
-6.750941532424621982e+01
-6.766558874555994407e+01
-6.782206119628608576e+01
-6.797883336790619069e+01
-6.813590595323330490e+01
-6.829327964640106075e+01
-6.845095514287095284e+01
-6.860893313945416594e+01
-6.876721433429702302e+01
-6.892579942686643335e+01
-6.908468911800082424e+01
-6.924388410986648523e+01
-6.940338510597212007e+01
-6.956319281119067455e+01
-6.972330793174114660e+01
-6.988373117522496614e+01
-7.004446325058961520e+01
-7.020550486812862800e+01
-7.036685673952524667e+01
-7.052851957785605919e+01
-7.069049409751460189e+01
-7.085278101429867093e+01
-7.101538104541032226e+01
-7.117829490941221593e+01
-7.134152332624944393e+01
-7.150506701726044412e+01
-7.166892670520246611e+01
-7.183310311420427752e+01
-7.199759696978435386e+01
-7.216240899886906845e+01
-7.232753992983271019e+01
-7.249299049239925807e+01
-7.265876141773696872e+01
-7.282485343843654846e+01
-7.299126728848204948e+01
-7.315800370327997371e+01
-7.332506341971384245e+01
-7.349244717604960897e+01
-7.366015571196840028e+01
-7.382818976861744886e+01
-7.399655008859554073e+01
-7.416523741592391161e+01
-7.433425249604624696e+01
-7.450359607589416555e+01
-7.467326890383264981e+01
-7.484327172969278763e+01
-7.501360530474994448e+01
-7.518427038172740140e+01
-7.535526771484001074e+01
-7.552659805979419616e+01
-7.569826217371883104e+01
-7.587026081521253218e+01
-7.604259474438731559e+01
-7.621526472285404452e+01
-7.638827151365694590e+01
-7.656161588135728380e+01
-7.673529859198242775e+01
-7.690932041309133638e+01
-7.708368211374545353e+01
-7.725838446445777663e+01
-7.743342823728016810e+01
-7.760881420579244150e+01
-7.778454314505142975e+01
-7.796061583163464093e+01
-7.813703304365117219e+01
-7.831379556073807180e+01
-7.849090416403851123e+01
-7.866835963624180295e+01
-7.884616276155065862e+01
-7.902431432572484482e+01
-7.920281511607390712e+01
-7.938166592140623834e+01
-7.956086753210911411e+01
-7.974042074011595105e+01
-7.992032633892449667e+01
-8.010058512356408755e+01
-8.028119789065021905e+01
-8.046216543835180346e+01
-8.064348856638025609e+01
-8.082516807606225484e+01
-8.100720477028153255e+01
-8.118959945349706686e+01
-8.137235293175763218e+01
-8.155546601267633378e+01
-8.173893950548881548e+01
-8.192277422099505202e+01
-8.210697097159572877e+01
-8.229153057130315574e+01
-8.247645383574126754e+01
-8.266174158209832967e+01
-8.284739462922880193e+01
-8.303341379758785479e+01
-8.321979990919498960e+01
-8.340655378773590201e+01
-8.359367625855884398e+01
-8.378116814856548444e+01
-8.396903028633460053e+01
-8.415726350207478390e+01
-8.434586862760261283e+01
-8.453484649644815363e+01
-8.472419794372763135e+01
-8.491392380622346536e+01
-8.510402492239882122e+01
-8.529450213231393718e+01
-8.548535627776800538e+01
-8.567658820216820459e+01
-8.586819875060609775e+01
-8.606018876988309785e+01
-8.625255910840132856e+01
-8.644531061632369529e+01
-8.663844414545019390e+01
-8.683196054927248042e+01
-8.702586068301025080e+01
-8.722014540351301548e+01
-8.741481556939106667e+01
-8.760987204094999470e+01
-8.780531568015794619e+01
-8.800114735073293559e+01
-8.819736791810646537e+01
-8.839397824943080195e+01
-8.859097921354623395e+01
-8.878837168104291777e+01
-8.898615652427542955e+01
-8.918433461728636757e+01
-8.938290683583545615e+01
-8.958187405749777099e+01
-8.978123716155823786e+01
-8.998099702901527053e+01
-9.018115454265353037e+01
-9.038171058704756433e+01
-9.058266604848540737e+01
-9.078402181500860024e+01
-9.098577877647403511e+01
-9.118793782450666185e+01
-9.139049985246310825e+01
-9.159346575552626746e+01
-9.179683643063981435e+01
-9.200061277654822334e+01
-9.220479569380404428e+01
-9.240938608471333282e+01
-9.261438485341204796e+01
-9.281979290582239628e+01
-9.302561114970012568e+01
-9.323184049462724943e+01
-9.343848185195020051e+01
-9.364553613486714312e+01
-9.385300425839523086e+01
-9.406088713937788270e+01
-9.426918569651752478e+01
-9.447790085032465868e+01
-9.468703352313605137e+01
-9.489658463917294284e+01
-9.510655512450102833e+01
-9.531694590700863046e+01
-9.552775791646126891e+01
-9.573899208449438447e+01
-9.595064934458059724e+01
-9.616273063210610417e+01
-9.637523688429791946e+01
-9.658816904025297845e+01
-9.680152804097815533e+01
-9.701531482935024542e+01
-9.722953035015234491e+01
-9.744417555004110909e+01
-9.765925137757585617e+01
-9.787475878323675715e+01
-9.809069871939209406e+01
-9.830707214034555363e+01
-9.852388000227801967e+01
-9.874112326330941869e+01
-9.895880288351327181e+01
-9.917691982484393520e+01
-9.939547505120935966e+01
-9.961446952845653868e+01
-9.983390422437514644e+01
-1.000537801087011758e+02
-1.002740981531096622e+02
-1.004948593312219600e+02
-1.007160646186457598e+02
-1.009377149929314328e+02
-1.011598114336156868e+02
-1.013823549221815483e+02
-1.016053464420838282e+02
-1.018287869788000535e+02
-1.020526775197395182e+02
-1.022770190543415083e+02
-1.025018125740207324e+02
-1.027270590721818735e+02
-1.029527595442414167e+02
-1.031789149876276497e+02
-1.034055264017588343e+02
-1.036325947880868625e+02
-1.038601211500936188e+02
-1.040881064932400477e+02
-1.043165518250680179e+02
-1.045454581551202864e+02
-1.047748264949950681e+02
-1.050046578582987422e+02
-1.052349532607222500e+02
-1.054657137200083525e+02
-1.056969402559079754e+02
-1.059286338902820717e+02
-1.061607956470325007e+02
-1.063934265521347697e+02
-1.066265276336416719e+02
-1.068600999216650962e+02
-1.070941444484233216e+02
-1.073286622482191888e+02
-1.075636543574219104e+02
-1.077991218145434686e+02
-1.080350656601367518e+02
-1.082714869368792279e+02
-1.085083866896129621e+02
-1.087457659652172879e+02
-1.089836258127434121e+02
-1.092219672833452933e+02
-1.094607914302978315e+02
-1.097000993090186967e+02
-1.099398919770756038e+02
-1.101801704941608477e+02
-1.104209359221094928e+02
-1.106621893249102868e+02
-1.109039317687493167e+02
-1.111461643219226971e+02
-1.113888880548984162e+02
-1.116321040403454390e+02
-1.118758133530864143e+02
-1.121200170701049501e+02
-1.123647162706183735e+02
-1.126099120360195229e+02
-1.128556054498367303e+02
-1.131017975978757022e+02
-1.133484895681249327e+02
-1.135956824507447891e+02
-1.138433773381548235e+02
-1.140915753249500995e+02
-1.143402775080030551e+02
-1.145894849863689160e+02
-1.148391988613475405e+02
-1.150894202365016099e+02
-1.153401502175875066e+02
-1.155913899126608158e+02
-1.158431404319962894e+02
-1.160954028881205886e+02
-1.163481783958704909e+02
-1.166014680722873891e+02
-1.168552730367227923e+02
-1.171095944108237745e+02
-1.173644333184493007e+02
-1.176197908858121082e+02
-1.178756682414204988e+02
-1.181320665160128556e+02
-1.183889868426886096e+02
-1.186464303568282048e+02
-1.189043981961367535e+02
-1.191628915006440366e+02
-1.194219114126681234e+02
-1.196814590768990456e+02
-1.199415356403114856e+02
-1.202021422522630019e+02
-1.204632800644321833e+02
-1.207249502308077354e+02
-1.209871539078121714e+02
-1.212498922541817592e+02
-1.215131664309956250e+02
-1.217769776017266850e+02
-1.220413269322125416e+02
-1.223062155906918633e+02
-1.225716447477425390e+02
-1.228376155763580755e+02
-1.231041292519548733e+02
-1.233711869522667257e+02
-1.236387898575121653e+02
-1.239069391502998769e+02
-1.240411505415399915e+02
