9.007137487456020608e+01
8.997391847013204824e+01
8.977920425338379573e+01
8.958488679106449126e+01
8.939096522444742732e+01
8.919743869652666035e+01
8.900430635209704633e+01
8.881156733764510136e+01
8.861922080139993341e+01
8.842726589336962206e+01
8.823570176524663111e+01
8.804452757046965417e+01
8.785374246418359689e+01
8.766334560329050873e+01
8.747333614635863341e+01
8.728371325370972045e+01
8.709447608735717949e+01
8.690562381103154621e+01
8.671715559011499863e+01
8.652907059175413451e+01
8.634136798475083197e+01
8.615404693960954319e+01
8.596710662850455265e+01
8.578054622531635687e+01
8.559436490559164668e+01
8.540856184656513506e+01
8.522313622708679759e+01
8.503808722776739160e+01
8.485341403082202305e+01
8.466911582012835424e+01
8.448519178122296580e+01
8.430164110133046051e+01
8.411846296929434175e+01
8.393565657558428939e+01
8.375322111235436751e+01
8.357115577339209267e+01
8.338945975410388201e+01
8.320813225150777726e+01
8.302717246431711828e+01
8.284657959281321382e+01
8.266635283890718711e+01
8.248649140613633790e+01
8.230699449966778047e+01
8.212786132626933977e+01
8.194909109428044758e+01
8.177068301369581604e+01
8.159263629610359203e+01
8.141495015464897733e+01
8.123762380409971229e+01
8.106065646083879983e+01
8.088404734276991803e+01
8.070779566944474936e+01
8.053190066195384134e+01
8.035636154298845213e+01
8.018117753680780879e+01
8.000634786919908947e+01
7.983187176758656278e+01
7.965774846090425854e+01
7.948397717967600329e+01
7.931055715596448863e+01
7.913748762336399523e+01
7.896476781706951442e+01
7.879239697378216079e+01
7.862037433176010381e+01
7.844869913080037804e+01
7.827737061220250325e+01
7.810638801888126181e+01
7.793575059518843773e+01
7.776545758702195599e+01
7.759550824186953832e+01
7.742590180866682203e+01
7.725663753786284360e+01
7.708771468145641848e+01
7.691913249293429544e+01
7.675089022731481236e+01
7.658298714108241256e+01
7.641542249222766259e+01
7.624819554026544211e+01
7.608130554615854635e+01
7.591475177239772165e+01
7.574853348293254385e+01
7.558264994322234998e+01
7.541710042018530658e+01
7.525188418222023756e+01
7.508700049920662423e+01
7.492244864246822544e+01
7.475822788482037140e+01
7.459433750054449774e+01
7.443077676536631770e+01
7.426754495647764998e+01
7.410464135252186679e+01
7.394206523356479011e+01
7.377981588117836509e+01
7.361789257834607270e+01
7.345629460947384359e+01
7.329502126043735188e+01
7.313407181851653149e+01
7.297344557245742180e+01
7.281314181241759798e+01
7.265315982996617095e+01
7.249349891811289126e+01
7.233415837128268322e+01
7.217513748532655882e+01
7.201643555746341008e+01
7.185805188636004459e+01
7.169998577211663360e+01
7.154223651617940050e+01
7.138480342140610446e+01
7.122768579209150630e+01
7.107088293388733291e+01
7.091439415384229505e+01
7.075821876039481140e+01
7.060235606338028447e+01
7.044680537400563480e+01
7.029156600485657691e+01
7.013663726989761926e+01
6.998201848444659845e+01
6.982770896521833492e+01
6.967370803029189119e+01
6.952001499911784776e+01
6.936662919246009551e+01
6.921354993247223319e+01
6.906077654268301558e+01
6.890830834794542170e+01
6.875614467448031064e+01
6.860428484981457586e+01
6.845272820286845672e+01
6.830147406387186493e+01
6.815052176439348841e+01
6.799987063734442927e+01
6.784952001697456581e+01
6.769946923884344869e+01
6.754971763982757693e+01
6.740026455817496753e+01
6.725110933338146424e+01
6.710225130632170476e+01
6.695368981915453332e+01
6.680542421534482855e+01
6.665745383968169335e+01
6.650977803823479917e+01
6.636239615842350759e+01
6.621530754892228288e+01
6.606851155968615785e+01
6.592200754201621749e+01
6.577579484847956337e+01
6.562987283291295171e+01
6.548424085048100096e+01
6.533889825758160441e+01
6.519384441191323276e+01
6.504907867246038222e+01
6.490460039947174664e+01
6.476040895445839851e+01
6.461650370019924594e+01
6.447288400076104153e+01
6.432954922144926968e+01
6.418649872883361240e+01
6.404373189074431139e+01
6.390124807625579706e+01
6.375904665571033547e+01
6.361712700068710546e+01
6.347548848399674171e+01
6.333413047973044741e+01
6.319305236317995877e+01
6.305225351088665775e+01
6.291173330063429603e+01
6.277149111143808113e+01
6.263152632353012450e+01
6.249183831837399339e+01
6.235242647866107291e+01
6.221329018829783308e+01
6.207442883240400988e+01
6.193584179732715711e+01
6.179752847061899956e+01
6.165948824103907100e+01
6.152172049856017111e+01
6.138422463435199461e+01
6.124700004078476923e+01
6.111004611145835952e+01
6.097336224111677438e+01
6.083694782571910764e+01
6.070080226243953803e+01
6.056492494960366457e+01
6.042931528675217123e+01
6.029397267459535215e+01
6.015889651501129265e+01
6.002408621106587816e+01
5.988954116702916508e+01
5.975526078829898324e+01
5.962124448144822964e+01
5.948749165423942031e+01
5.935400171560468152e+01
5.922077407559845597e+01
5.908780814546480542e+01
5.895510333761012589e+01
5.882265906555585389e+01
5.869047474402941589e+01
5.855854978886782192e+01
5.842688361705586431e+01
5.829547564673521265e+01
5.816432529719531885e+01
5.803343198884795129e+01
5.790279514324356569e+01
5.777241418306039122e+01
5.764228853213535331e+01
5.751241761540768493e+01
5.738280085893529758e+01
5.725343768991660909e+01
5.712432753668508667e+01
5.699546982866013423e+01
5.686686399638711009e+01
5.673850947153732704e+01
5.661040568686803454e+01
5.648255207627516938e+01
5.635494807475151902e+01
5.622759311836307461e+01
5.610048664431633370e+01
5.597362809089099756e+01
5.584701689747271303e+01
5.572065250454943452e+01
5.559453435367868224e+01
5.546866188750391302e+01
5.534303454979635717e+01
5.521765178535497398e+01
5.509251304008466832e+01
5.496761776099083363e+01
5.484296539611932531e+01
5.471855539459647844e+01
5.459438720665093570e+01
5.447046028353179281e+01
5.434677407757772016e+01
5.422332804220786784e+01
5.410012163187639089e+01
5.397715430210519116e+01
5.385442550948573626e+01
5.373193471163722279e+01
5.360968136725387012e+01
5.348766493607399752e+01
5.336588487887274823e+01
5.324434065747482236e+01
5.312303173475083895e+01
5.300195757461733592e+01
5.288111764201858023e+01
5.276051140291929187e+01
5.264013832435375662e+01
5.251999787436216138e+01
5.240008952199968917e+01
5.228041273739472672e+01
5.216096699164336314e+01
5.204175175689306343e+01
5.192276650631538359e+01
5.180401071408232383e+01
5.168548385537906142e+01
5.156718540641668369e+01
5.144911484440672211e+01
5.133127164756660932e+01
5.121365529512149806e+01
5.109626526730062324e+01
5.097910104532275000e+01
5.086216211141800159e+01
5.074544794882058341e+01
5.062895804172694625e+01
5.051269187533944205e+01
5.039664893586632388e+01
5.028082871048354718e+01
5.016523068734750268e+01
5.004985435561138729e+01
4.993469920539973828e+01
4.981976472782116616e+01
4.970505041494834586e+01
4.959055575983256858e+01
4.947628025649464689e+01
4.936222339993582864e+01
4.924838468610505515e+01
4.913476361192442710e+01
4.902135967527647153e+01
4.890817237500596093e+01
4.879520121091263718e+01
4.868244568374939263e+01
4.856990529522408906e+01
4.845757954799773870e+01
4.834546794568814221e+01
4.823356999282077595e+01
4.812188519491610350e+01
4.801041305841499707e+01
4.789915309068783245e+01
4.778810480005449790e+01
4.767726769576256629e+01
4.756664128800548497e+01
4.745622508790074789e+01
4.734601860748989566e+01
4.723602135974579141e+01
4.712623285857443989e+01
4.701665261878588353e+01
4.690728015612694435e+01
4.679811498724848207e+01
4.668915662972904101e+01
4.658040460206393618e+01
4.647185842364706332e+01
4.636351761477817490e+01
4.625538169669380295e+01
4.614745019151087035e+01
4.603972262225579470e+01
4.593219851285175537e+01
4.582487738812415046e+01
4.571775877380605380e+01
4.561084219651093008e+01
4.550412718374718679e+01
4.539761326393272611e+01
4.529129996633855626e+01
4.518518682114336116e+01
4.507927335942986247e+01
4.497355911312661192e+01
4.486804361505346606e+01
4.476272639892886218e+01
4.465760699932798161e+01
4.455268495169912057e+01
4.444795979237096617e+01
4.434343105854532041e+01
4.423909828827345336e+01
4.413496102049793990e+01
4.403101879500354698e+01
4.392727115245361347e+01
4.382371763436094625e+01
4.372035778310601017e+01
4.361719114190418622e+01
4.351421725484033232e+01
4.341143566686514532e+01
4.330884592375150532e+01
4.320644757213631237e+01
4.310424015950411558e+01
4.300222323416710424e+01
4.290039634528693568e+01
4.279875904287655430e+01
4.269731087778200163e+01
4.259605140167150239e+01
4.249498016705547343e+01
4.239409672728834266e+01
4.229340063653398829e+01
4.219289144979484263e+01
4.209256872290279716e+01
4.199243201250465063e+01
4.189248087608575588e+01
4.179271487191726919e+01
4.169313355912709085e+01
4.159373649764711445e+01
4.149452324820595095e+01
4.139549337236167048e+01
4.129664643248179345e+01
4.119798199173965259e+01
4.109949961411621189e+01
4.100119886439642869e+01
4.090307930816015869e+01
4.080514051180216484e+01
4.070738204250301351e+01
4.060980346825272136e+01
4.051240435782347049e+01
4.041518428078961733e+01
4.031814280752223567e+01
4.022127950915819383e+01
4.012459395764562942e+01
4.002808572570938850e+01
3.993175438685284462e+01
3.983559951537063171e+01
3.973962068632863520e+01
3.964381747558400093e+01
3.954818945975421229e+01
3.945273621623164217e+01
3.935745732319628587e+01
3.926235235958847625e+01
3.916742090511434071e+01
3.907266254025671515e+01
3.897807684624967806e+01
3.888366340510037844e+01
3.878942179957812186e+01
3.869535161320345651e+01
3.860145243026272510e+01
3.850772383578987501e+01
3.841416541558282916e+01
3.832077675617983914e+01
3.822755744488313212e+01
3.813450706972980697e+01
3.804162521951002418e+01
3.794891148376154888e+01
3.785636545275337994e+01
3.776398671751121583e+01
3.767177486979744572e+01
3.757972950209659757e+01
3.748785020763898501e+01
3.739613658040252631e+01
3.730458821507454559e+01
3.721320470707723871e+01
3.712198565257676819e+01
3.703093064845415938e+01
3.694003929230711947e+01
3.684931118248277926e+01
3.675874591802130453e+01
3.666834309869227582e+01
3.657810232499468839e+01
3.648802319812966743e+01
3.639810532001865795e+01
3.630834829329432978e+01
3.621875172129875864e+01
3.612931520808342611e+01
3.604003835841103864e+01
3.595092077774643258e+01
3.586196207226203114e+01
3.577316184882147354e+01
3.568451971500508080e+01
3.559603527908257092e+01
3.550770815001305891e+01
3.541953793746870360e+01
3.533152425179650891e+01
3.524366670405106561e+01
3.515596490597636148e+01
3.506841846998759138e+01
3.498102700919298513e+01
3.489379013739926449e+01
3.480670746908981528e+01
3.471977861942286836e+01
3.463300320423513767e+01
3.454638084005455312e+01
3.445991114407843270e+01
3.437359373417166353e+01
3.428742822887397779e+01
3.420141424741268565e+01
3.411555140966629551e+01
3.402983933618634182e+01
3.394427764819738513e+01
3.385886596757700318e+01
3.377360391688125674e+01
3.368849111930830986e+01
3.360352719872207672e+01
3.351871177965767856e+01
3.343404448729779688e+01
3.334952494746721641e+01
3.326515278667284292e+01
3.318092763204367657e+01
3.309684911136355367e+01
3.301291685308569868e+01
3.292913048628361139e+01
3.284548964068380883e+01
3.276199394667310116e+01
3.267864303525675496e+01
3.259543653808214003e+01
3.251237408746055735e+01
3.242945531629811740e+01
3.234667985817031877e+01
3.226404734727111645e+01
3.218155741842565476e+01
3.209920970709936228e+01
3.201700384937430499e+01
3.193493948196555721e+01
3.185301624221756356e+01
3.177123376808049215e+01
3.168959169815207133e+01
3.160808967162847694e+01
3.152672732834253111e+01
3.144550430873096047e+01
3.136442025384894805e+01
3.128347480536649527e+01
3.120266760557933594e+01
3.112199829737437540e+01
3.104146652424606145e+01
3.096107193032185023e+01
3.088081416031855042e+01
3.080069285954778024e+01
3.072070767395052826e+01
3.064085825003894570e+01
3.056114423494727816e+01
3.048156527641185676e+01
3.040212102273835626e+01
3.032281112284908886e+01
3.024363522626663325e+01
3.016459298308654979e+01
3.008568404400102736e+01
3.000690806029706437e+01
2.992826468384191685e+01
2.984975356710310734e+01
2.977137436311750207e+01
2.969312672550404386e+01
2.961501030847466609e+01
2.953702476681064581e+01
2.945916975588261266e+01
2.938144493163053994e+01
2.930384995056738262e+01
2.922638446978817228e+01
2.914904814695182722e+01
2.907184064028842840e+01
2.899476160860831442e+01
2.891781071127843461e+01
2.884098760823508201e+01
2.876429195998571231e+01
2.868772342758711602e+01
2.861128167266906530e+01
2.853496635741430509e+01
2.845877714457128604e+01
2.838271369744870753e+01
2.830677567990096577e+01
2.823096275633179175e+01
2.815527459172153613e+01
2.807971085157987545e+01
2.800427120197127806e+01
2.792895530951682304e+01
2.785376284137601033e+01
2.777869346525585570e+01
2.770374684941089072e+01
2.762892266262679186e+01
2.755422057424948434e+01
2.747964025414876232e+01
2.740518137274011679e+01
2.733084360096836463e+01
2.725662661031856260e+01
2.718253007281236933e+01
2.710855366100076935e+01
2.703469704796407314e+01
2.696095990731191705e+01
2.688734191319053934e+01
2.681384274025367631e+01
2.674046206369712309e+01
2.666719955924236274e+01
2.659405490311291942e+01
2.652102777207801410e+01
2.644811784340890881e+01
2.637532479489709658e+01
2.630264830485975835e+01
2.623008805212248262e+01
2.615764371602290339e+01
2.608531497641433816e+01
2.601310151365942147e+01
2.594100300862555741e+01
2.586901914270583802e+01
2.579714959778084449e+01
2.572539405623865605e+01
2.565375220097757847e+01
2.558222371540068707e+01
2.551080828340582229e+01
2.543950558938740869e+01
2.536831531824827834e+01
2.529723715537875250e+01
2.522627078667119349e+01
2.515541589851363824e+01
2.508467217777069891e+01
2.501403931182085216e+01
2.494351698851551191e+01
2.487310489620267617e+01
2.480280272371601313e+01
2.473261016037849913e+01
2.466252689598240977e+01
2.459255262082206173e+01
2.452268702566561842e+01
2.445292980175963748e+01
2.438328064083361824e+01
2.431373923508817825e+01
2.424430527720414830e+01
2.417497846033802489e+01
2.410575847812651773e+01
2.403664502466472186e+01
2.396763779452066956e+01
2.389873648274078732e+01
2.382994078483807243e+01
2.376125039678299800e+01
2.369266501501715538e+01
2.362418433645234472e+01
2.355580805845056602e+01
2.348753587884675653e+01
2.341936749592878186e+01
2.335130260844562144e+01
2.328334091559918306e+01
2.321548211705521680e+01
2.314772591293331061e+01
2.308007200380052382e+01
2.301252009067866311e+01
2.294506987504064455e+01
2.287772105881140305e+01
2.281047334435606899e+01
2.274332643449997704e+01
2.267628003249956237e+01
2.260933384205873153e+01
2.254248756733704795e+01
2.247574091291880904e+01
2.240909358383942163e+01
2.234254528556721198e+01
2.227609572400888283e+01
2.220974460551315133e+01
2.214349163685346866e+01
2.207733652524711943e+01
2.201127897834521718e+01
2.194531870421269559e+01
2.187945541136377869e+01
2.181368880873742455e+01
2.174801860568459233e+01
2.168244451200189360e+01
2.161696623790521699e+01
2.155158349402518070e+01
2.148629599142532243e+01
2.142110344158118096e+01
2.135600555639666709e+01
2.129100204818587372e+01
2.122609262968580879e+01
2.116127701404639083e+01
2.109655491483408696e+01
2.103192604602645588e+01
2.096739012201396690e+01
2.090294685760090942e+01
2.083859596799266001e+01
2.077433716881205328e+01
2.071017017608301103e+01
2.064609470623690868e+01
2.058211047611439426e+01
2.051821720294537954e+01
2.045441460438360082e+01
2.039070239846660115e+01
2.032708030362573481e+01
2.026354803871436161e+01
2.020010532296328165e+01
2.013675187600529171e+01
2.007348741786790924e+01
2.001031166896882496e+01
1.994722435012408823e+01
1.988422518253537419e+01
1.982131388779180270e+01
1.975849018787903333e+01
1.969575380516471341e+01
1.963310446239847806e+01
1.957054188272195461e+01
1.950806578965966764e+01
1.944567590710994409e+01
1.938337195936128410e+01
1.932115367107871862e+01
1.925902076730471890e+01
1.919697297346192499e+01
1.913501001534041279e+01
1.907313161912134092e+01
1.901133751134875638e+01
1.894962741893323255e+01
1.888800106916824006e+01
1.882645818971377594e+01
1.876499850860363949e+01
1.870362175422360451e+01
1.864232765533961356e+01
1.858111594108413556e+01
1.851998634094161389e+01
1.845893858476938476e+01
1.839797240278676327e+01
1.833708752556867694e+01
1.827628368404657522e+01
1.821556060952207190e+01
1.815491803363966028e+01
1.809435568841308850e+01
1.803387330619898421e+01
1.797347061971049698e+01
1.791314736202366475e+01
1.785290326654558157e+01
1.779273806704622984e+01
1.773265149764665694e+01
1.767264329281169921e+01
1.761271318735089153e+01
1.755286091641301027e+01
1.749308621549789677e+01
1.743338882045918581e+01
1.737376846746701631e+01
1.731422489305805357e+01
1.725475783408728603e+01
1.719536702775985759e+01
1.713605221161014924e+01
1.707681312351814995e+01
1.701764950169490476e+01
1.695856108467341983e+01
1.689954761133685679e+01
1.684060882089124789e+01
1.678174445286913397e+01
1.672295424713774992e+01
1.666423794388811075e+01
1.660559528364137805e+01
1.654702600724249351e+01
1.648852985586472641e+01
1.643010657099148375e+01
1.637175589444177604e+01
1.631347756835202745e+01
1.625527133517789480e+01
1.619713693768881058e+01
1.613907411897889688e+01
1.608108262245696096e+01
1.602316219184194779e+01
1.596531257117385394e+01
1.590753350479917572e+01
1.584982473738364206e+01
1.579218601389129617e+01
1.573461707960905187e+01
1.567711768013032270e+01
1.561968756134865544e+01
1.556232646946500608e+01
1.550503415098955884e+01
1.544781035273717862e+01
1.539065482182286360e+01
1.533356730565901671e+01
1.527654755196635961e+01
1.521959530876392819e+01
1.516271032436179667e+01
1.510589234737562947e+01
1.504914112671667681e+01
1.499245641158358922e+01
1.493583795147424098e+01
1.487928549618118268e+01
1.482279879578982218e+01
1.476637760066478222e+01
1.471002166147263779e+01
1.465373072916645469e+01
1.459750455497578514e+01
1.454134289043304307e+01
1.448524548734349082e+01
1.442921209780070058e+01
1.437324247418200684e+01
1.431733636914032104e+01
1.426149353561868338e+01
1.420571372683298250e+01
1.414999669628105039e+01
1.409434219773993391e+01
1.403874998524952389e+01
1.398321981314620643e+01
1.392775143602466414e+01
1.387234460875697550e+01
1.381699908649079589e+01
1.376171462464208162e+01
1.370649097889418044e+01
1.365132790519965056e+01
1.359622515978571755e+01
1.354118249914154148e+01
1.348619968001094094e+01
1.343127645942149684e+01
1.337641259465635812e+01
1.332160784325515124e+01
1.326686196302307508e+01
1.321217471202999150e+01
1.315754584859860188e+01
1.310297513131081359e+01
1.304846231900955900e+01
1.299400717078242451e+01
1.293960944599075447e+01
1.288526890423236182e+01
1.283098530536244652e+01
1.277675840949450503e+01
1.272258797698668786e+01
1.266847376844998507e+01
1.261441554473458382e+01
1.256041306694714876e+01
1.250646609644354612e+01
1.245257439481702022e+01
1.239873772390819795e+01
1.234495584579781280e+01
1.229122852281579981e+01
1.223755551752674364e+01
1.218393659273988305e+01
1.213037151150365389e+01
1.207686003709113720e+01
1.202340193303098204e+01
1.196999696308284911e+01
1.191664489123286330e+01
1.186334548170634662e+01
1.181009849896418018e+01
1.175690370769461879e+01
1.170376087281601940e+01
1.165066975948229810e+01
1.159763013306746871e+01
1.154464175918201363e+01
1.149170440365560353e+01
1.143881783254801121e+01
1.138598181213637872e+01
1.133319610893249774e+01
1.128046048966461967e+01
1.122777472127563669e+01
1.117513857094490959e+01
1.112255180605461646e+01
1.107001419421249011e+01
1.101752550324454205e+01
1.096508550119142456e+01
1.091269395631115913e+01
1.086035063707186055e+01
1.080805531215264637e+01
1.075580775045364135e+01
1.070360772108051606e+01
1.065145499335085333e+01
1.059934933678596281e+01
1.054729052111906640e+01
1.049527831629984576e+01
1.044331249246442894e+01
1.039139281996631325e+01
1.033951906936636078e+01
1.028769101141278952e+01
1.023590841707573418e+01
1.018417105751177587e+01
1.013247870408213203e+01
1.008083112834901840e+01
1.002922810206655413e+01
9.977669397191675671e+00
9.926154785873222863e+00
9.874684040457395895e+00
9.823256933484117326e+00
9.771873237685213098e+00
9.720532725983503042e+00
9.669235171496438852e+00
9.617980347527918639e+00
9.566768027571015409e+00
9.515597985303429596e+00
9.464469994595674507e+00
9.413383829501981381e+00
9.362339264264846861e+00
9.311336073305028549e+00
9.260374031221545010e+00
9.209452912806227687e+00
9.158572493030078476e+00
9.107732547039631754e+00
9.056932850158773363e+00
9.006173177895107074e+00
8.955453305929040653e+00
8.904773010120152321e+00
8.854132066494457831e+00
8.803530251268966822e+00
8.752967340814393538e+00
8.702443111681532173e+00
8.651957340599437885e+00
8.601509804455417907e+00
8.551100280310492963e+00
8.500728545394849789e+00
8.450394377105112653e+00
8.400097552999795880e+00
8.349837850807489303e+00
8.299615048421401298e+00
8.249428923896630295e+00
8.199279255449255288e+00
8.149165821449969371e+00
8.099088400441360136e+00
8.049046771122448263e+00
7.999040712343230553e+00
7.949070003120141337e+00
7.899134422617862583e+00
7.849233750160237832e+00
7.799367765226634219e+00
7.749536247449213988e+00
7.699738976605658536e+00
7.649975732637358306e+00
7.600246295627584914e+00
7.550550445807857614e+00
7.500887963561581273e+00
7.451258629422227386e+00
7.401662224065148621e+00
7.352098528313945280e+00
7.302567323129551369e+00
7.253068389632062463e+00
7.203601509066174913e+00
7.154166462829380180e+00
7.104763032463779382e+00
7.055390999634255422e+00
7.006050146156667324e+00
6.956740253987845790e+00
6.907461105214679264e+00
6.858212482058661408e+00
6.808994166879529075e+00
6.759805942173443327e+00
6.710647590565713472e+00
6.661518894811706559e+00
6.612419637805032835e+00
6.563349602562084328e+00
6.514308572232039296e+00
6.465296330093224242e+00
6.416312659546747454e+00
6.367357344123774965e+00
6.318430167481892568e+00
6.269530913395101379e+00
6.220659365774736216e+00
6.171815308638542774e+00
6.122998526140690956e+00
6.074208802547218511e+00
6.025445922243306995e+00
5.976709669733281771e+00
5.927999829643340490e+00
5.879316186711548653e+00
5.830658525797844050e+00
5.782026631874032319e+00
5.733420290021967958e+00
5.684839285435373313e+00
5.636283403427114536e+00
5.587752429421925626e+00
5.539246148946403991e+00
5.490764347636286402e+00
5.442306811252819898e+00
5.393873325640925032e+00
5.345463676761028182e+00
5.297077650683604588e+00
5.248715033580083400e+00
5.200375611729214143e+00
5.152059171498876822e+00
5.103765499372457271e+00
5.055494381931566750e+00
5.007245605852403969e+00
4.959018957914850034e+00
4.910814224997011479e+00
4.862631194064306328e+00
4.814469652185835002e+00
4.766329386532561330e+00
4.718210184356394166e+00
4.670111833005648805e+00
4.622034119930503948e+00
4.573976832659354841e+00
4.525939758811546199e+00
4.477922686111924122e+00
4.429925402358094289e+00
4.381947695434064372e+00
4.333989353316610504e+00
4.286050164069820312e+00
4.238129915842364426e+00
4.190228396862949012e+00
4.142345395439406275e+00
4.094480699967789405e+00
4.046634098922368139e+00
3.998805380863814207e+00
3.950994334422830434e+00
3.903200748311974166e+00
3.855424411318381317e+00
3.807665112304675858e+00
3.759922640221702750e+00
3.712196784080333600e+00
3.664487332966018585e+00
3.616794076046971895e+00
3.569116802547796397e+00
3.521455301774949476e+00
3.473809363104919612e+00
3.426178775976950419e+00
3.378563329900316603e+00
3.330962814451595477e+00
3.283377019273757469e+00
3.235805734077985107e+00
3.188248748630940099e+00
3.140705852768405748e+00
3.093176836389829987e+00
3.045661489456506388e+00
2.998159601981569722e+00
2.950670964044547873e+00
2.903195365783176385e+00
2.855732597395217454e+00
2.808282449132093461e+00
2.760844711292520515e+00
2.713419174247064802e+00
2.666005628410857753e+00
2.618603864250871993e+00
2.571213672285921348e+00
2.523834843093027303e+00
2.476467167292867089e+00
2.429110435553411662e+00
2.381764438597201661e+00
2.334428967193161952e+00
2.287103812153873150e+00
2.239788764339209592e+00
2.192483614653610857e+00
2.145188154044262774e+00
2.097902173500187928e+00
2.050625464058612124e+00
2.003357816788593482e+00
1.956099022806483845e+00
1.908848873266833834e+00
1.861607159356026386e+00
1.814373672303190688e+00
1.767148203377473692e+00
1.719930543874397699e+00
1.672720485130412271e+00
1.625517818509251811e+00
1.578322335418306466e+00
1.531133827289522742e+00
1.483952085584860470e+00
1.436776901794473815e+00
1.389608067443077744e+00
1.342445374084491050e+00
1.295288613288903434e+00
1.248137576662884385e+00
1.200992055841197725e+00
1.153851842471340206e+00
1.106716728229002911e+00
1.059586504818980757e+00
1.012460963958801585e+00
9.653398973896401003e-01
9.182230968708608998e-01
8.711103541918419069e-01
8.240014611428705393e-01
7.768962095351525932e-01
7.297943912126356736e-01
6.826957980165389017e-01
6.356002218017238192e-01
5.885074544457893353e-01
5.414172878399767797e-01
4.943295138764369767e-01
4.472439244655106449e-01
4.001603115275429445e-01
3.530784669856075197e-01
3.059981827800584142e-01
2.589192508439737139e-01
2.118414631295308936e-01
1.647646115970928804e-01
1.176884881933801807e-01
7.061288487966521643e-02
2.353759362085838802e-02
-2.353759362085838802e-02
-7.061288487966521643e-02
-1.176884881933801807e-01
-1.647646115970928804e-01
-2.118414631304403883e-01
-2.589192508439737139e-01
-3.059981827791489195e-01
-3.530784669856075197e-01
-4.001603115275429445e-01
-4.472439244655106449e-01
-4.943295138746179873e-01
-5.414172878390672849e-01
-5.885074544476083247e-01
-6.356002218017238192e-01
-6.826957980165389017e-01
-7.297943912126356736e-01
-7.768962095351525932e-01
-8.240014611419610446e-01
-8.711103541909324122e-01
-9.182230968726798892e-01
-9.653398973896401003e-01
-1.012460963958801585e+00
-1.059586504818980757e+00
-1.106716728229912405e+00
-1.153851842471340206e+00
-1.200992055840288231e+00
-1.248137576662884385e+00
-1.295288613288903434e+00
-1.342445374084491050e+00
-1.389608067443987238e+00
-1.436776901794473815e+00
-1.483952085583950975e+00
-1.531133827289522742e+00
-1.578322335418306466e+00
-1.625517818509251811e+00
-1.672720485130412271e+00
-1.719930543874397699e+00
-1.767148203377473692e+00
-1.814373672302281193e+00
-1.861607159356935881e+00
-1.908848873266833834e+00
-1.956099022806483845e+00
-2.003357816788593482e+00
-2.050625464058612124e+00
-2.097902173500187928e+00
-2.145188154042443784e+00
-2.192483614653610857e+00
-2.239788764339209592e+00
-2.287103812154782645e+00
-2.334428967193161952e+00
-2.381764438596292166e+00
-2.429110435552502167e+00
-2.476467167292867089e+00
-2.523834843093027303e+00
-2.571213672285921348e+00
-2.618603864252690983e+00
-2.666005628409948258e+00
-2.713419174246155308e+00
-2.760844711292520515e+00
-2.808282449132093461e+00
-2.855732597396126948e+00
-2.903195365783176385e+00
-2.950670964043638378e+00
-2.998159601981569722e+00
-3.045661489455596893e+00
-3.093176836389829987e+00
-3.140705852770224737e+00
-3.188248748631849594e+00
-3.235805734077075613e+00
-3.283377019273757469e+00
-3.330962814453414467e+00
-3.378563329900316603e+00
-3.426178775976950419e+00
-3.473809363105829107e+00
-3.521455301775858970e+00
-3.569116802547796397e+00
-3.616794076046062401e+00
-3.664487332966928079e+00
-3.712196784080333600e+00
-3.759922640222612245e+00
-3.807665112306494848e+00
-3.855424411317471822e+00
-3.903200748311064672e+00
-3.950994334423739929e+00
-3.998805380863814207e+00
-4.046634098920549150e+00
-4.094480699966879911e+00
-4.142345395440315770e+00
-4.190228396862039517e+00
-4.238129915843273920e+00
-4.286050164071639301e+00
-4.333989353316610504e+00
-4.381947695434064372e+00
-4.429925402357184794e+00
-4.477922686112833617e+00
-4.525939758812455693e+00
-4.573976832659354841e+00
-4.622034119931413443e+00
-4.670111833006558300e+00
-4.718210184357303660e+00
-4.766329386533470824e+00
-4.814469652185835002e+00
-4.862631194061577844e+00
-4.910814224996101984e+00
-4.959018957915759529e+00
-5.007245605852403969e+00
-5.055494381932476244e+00
-5.103765499374276260e+00
-5.152059171497967327e+00
-5.200375611728304648e+00
-5.248715033582811884e+00
-5.297077650683604588e+00
-5.345463676758299698e+00
-5.393873325640015537e+00
-5.442306811252819898e+00
-5.490764347638105392e+00
-5.539246148946403991e+00
-5.587752429421925626e+00
-5.636283403426205041e+00
-5.684839285436282807e+00
-5.733420290020148968e+00
-5.782026631874032319e+00
-5.830658525800572534e+00
-5.879316186712458148e+00
-5.927999829643340490e+00
-5.976709669732372276e+00
-6.025445922241488006e+00
-6.074208802548128006e+00
-6.122998526142509945e+00
-6.171815308640361764e+00
-6.220659365774736216e+00
-6.269530913396920369e+00
-6.318430167481892568e+00
-6.367357344121955975e+00
-6.416312659545837960e+00
-6.465296330093224242e+00
-6.514308572232039296e+00
-6.563349602562993823e+00
-6.612419637805032835e+00
-6.661518894811706559e+00
-6.710647590565713472e+00
-6.759805942173443327e+00
-6.808994166878619581e+00
-6.858212482057751913e+00
-6.907461105213769770e+00
-6.956740253988755285e+00
-7.006050146156667324e+00
-7.055390999633345928e+00
-7.104763032461960393e+00
-7.154166462828470685e+00
-7.203601509067084407e+00
-7.253068389632062463e+00
-7.302567323129551369e+00
-7.352098528314854775e+00
-7.401662224064239126e+00
-7.451258629423136881e+00
-7.500887963562490768e+00
-7.550550445807857614e+00
-7.600246295626675419e+00
-7.649975732638267800e+00
-7.699738976607477525e+00
-7.749536247448304493e+00
-7.799367765225724725e+00
-7.849233750159328338e+00
-7.899134422616953088e+00
-7.949070003120141337e+00
-7.999040712344140047e+00
-8.049046771121538768e+00
-8.099088400440450641e+00
-8.149165821450878866e+00
-8.199279255450164783e+00
-8.249428923896630295e+00
-8.299615048421401298e+00
-8.349837850808398798e+00
-8.400097552998886385e+00
-8.450394377103293664e+00
-8.500728545395759284e+00
-8.551100280310492963e+00
-8.601509804454508412e+00
-8.651957340599437885e+00
-8.702443111682441668e+00
-8.752967340814393538e+00
-8.803530251268057327e+00
-8.854132066495367326e+00
-8.904773010120152321e+00
-8.955453305928131158e+00
-9.006173177894197579e+00
-9.056932850158773363e+00
-9.107732547040541249e+00
-9.158572493031897466e+00
-9.209452912805318192e+00
-9.260374031220635516e+00
-9.311336073304119054e+00
-9.362339264264846861e+00
-9.413383829501981381e+00
-9.464469994598402991e+00
-9.515597985303429596e+00
-9.566768027571015409e+00
-9.617980347527918639e+00
-9.669235171495529357e+00
-9.720532725986231526e+00
-9.771873237684303604e+00
-9.823256933484117326e+00
-9.874684040458305390e+00
-9.926154785873222863e+00
-9.977669397190766176e+00
-1.002922810206564463e+01
-1.008083112834901840e+01
-1.013247870408213203e+01
-1.018417105751086638e+01
-1.023590841707755317e+01
-1.028769101141369902e+01
-1.033951906936454179e+01
-1.039139281996813224e+01
-1.044331249246442894e+01
-1.049527831629893626e+01
-1.054729052111906640e+01
-1.059934933678505331e+01
-1.065145499334994383e+01
-1.070360772107960656e+01
-1.075580775045546034e+01
-1.080805531215264637e+01
-1.086035063707095105e+01
-1.091269395631115913e+01
-1.096508550119051506e+01
-1.101752550324454205e+01
-1.107001419421339961e+01
-1.112255180605552596e+01
-1.117513857094490959e+01
-1.122777472127745568e+01
-1.128046048966552917e+01
-1.133319610893249774e+01
-1.138598181213637872e+01
-1.143881783254801121e+01
-1.149170440365469403e+01
-1.154464175918201363e+01
-1.159763013306746871e+01
-1.165066975948138861e+01
-1.170376087281783839e+01
-1.175690370769552828e+01
-1.181009849896418018e+01
-1.186334548170725611e+01
-1.191664489123286330e+01
-1.196999696308193961e+01
-1.202340193303098204e+01
-1.207686003709204670e+01
-1.213037151150365389e+01
-1.218393659273988305e+01
-1.223755551752674364e+01
-1.229122852281579981e+01
-1.234495584579781280e+01
-1.239873772390637896e+01
-1.245257439481702022e+01
-1.250646609644445562e+01
-1.256041306694714876e+01
-1.261441554473458382e+01
-1.266847376844998507e+01
-1.272258797698668786e+01
-1.277675840949632402e+01
-1.283098530536153703e+01
-1.288526890423145232e+01
-1.293960944599075447e+01
-1.299400717078333400e+01
-1.304846231900864950e+01
-1.310297513131081359e+01
-1.315754584859860188e+01
-1.321217471202999150e+01
-1.326686196302216558e+01
-1.332160784325697023e+01
-1.337641259465635812e+01
-1.343127645942149684e+01
-1.348619968001094094e+01
-1.354118249913881300e+01
-1.359622515978571755e+01
-1.365132790519874106e+01
-1.370649097889418044e+01
-1.376171462464299111e+01
-1.381699908649079589e+01
-1.387234460875606601e+01
-1.392775143602466414e+01
-1.398321981314620643e+01
-1.403874998524952389e+01
-1.409434219773629593e+01
-1.414999669628195988e+01
-1.420571372683389200e+01
-1.426149353562050237e+01
-1.431733636914123053e+01
-1.437324247417927836e+01
-1.442921209780070058e+01
-1.448524548734440032e+01
-1.454134289043304307e+01
-1.459750455497760413e+01
-1.465373072916554520e+01
-1.471002166147172829e+01
-1.476637760066296323e+01
-1.482279879578982218e+01
-1.487928549618209217e+01
-1.493583795147333149e+01
-1.499245641158358922e+01
-1.504914112671576731e+01
-1.510589234737471998e+01
-1.516271032436270616e+01
-1.521959530876483768e+01
-1.527654755196635961e+01
-1.533356730565992621e+01
-1.539065482182195410e+01
-1.544781035273717862e+01
-1.550503415098955884e+01
-1.556232646946409659e+01
-1.561968756134683645e+01
-1.567711768013123219e+01
-1.573461707960996137e+01
-1.579218601388947718e+01
-1.584982473738364206e+01
-1.590753350480008521e+01
-1.596531257117385394e+01
-1.602316219184194779e+01
-1.608108262245605147e+01
-1.613907411897980637e+01
-1.619713693768790108e+01
-1.625527133517789480e+01
-1.631347756835202745e+01
-1.637175589444177604e+01
-1.643010657099057426e+01
-1.648852985586381692e+01
-1.654702600724249351e+01
-1.660559528364046855e+01
-1.666423794388902024e+01
-1.672295424713774992e+01
-1.678174445287004346e+01
-1.684060882089033839e+01
-1.689954761133685679e+01
-1.695856108467432932e+01
-1.701764950169399526e+01
-1.707681312351814995e+01
-1.713605221161014924e+01
-1.719536702775985759e+01
-1.725475783408819552e+01
-1.731422489305896306e+01
-1.737376846746792580e+01
-1.743338882045736682e+01
-1.749308621549698728e+01
-1.755286091641028179e+01
-1.761271318735089153e+01
-1.767264329281169921e+01
-1.773265149764756643e+01
-1.779273806704622984e+01
-1.785290326654558157e+01
-1.791314736202184577e+01
-1.797347061971231597e+01
-1.803387330619898421e+01
-1.809435568841036002e+01
-1.815491803364147927e+01
-1.821556060952298139e+01
-1.827628368404566572e+01
-1.833708752556776744e+01
-1.839797240278767276e+01
-1.845893858476847527e+01
-1.851998634094343288e+01
-1.858111594108413556e+01
-1.864232765534052305e+01
-1.870362175422269502e+01
-1.876499850860273000e+01
-1.882645818971468543e+01
-1.888800106916824006e+01
-1.894962741893323255e+01
-1.901133751134966587e+01
-1.907313161912134092e+01
-1.913501001533859380e+01
-1.919697297345919651e+01
-1.925902076730562840e+01
-1.932115367107962811e+01
-1.938337195936128410e+01
-1.944567590710994409e+01
-1.950806578965966764e+01
-1.957054188272377360e+01
-1.963310446239847806e+01
-1.969575380516380392e+01
-1.975849018787812383e+01
-1.982131388779089320e+01
-1.988422518253537419e+01
-1.994722435012317874e+01
-2.001031166896882496e+01
-2.007348741786972823e+01
-2.013675187600438221e+01
-2.020010532296328165e+01
-2.026354803871527110e+01
-2.032708030362846330e+01
-2.039070239846569166e+01
-2.045441460438178183e+01
-2.051821720294628904e+01
-2.058211047611530375e+01
-2.064609470623872767e+01
-2.071017017608210153e+01
-2.077433716881023429e+01
-2.083859596799266001e+01
-2.090294685759909044e+01
-2.096739012201396690e+01
-2.103192604602827487e+01
-2.109655491483408696e+01
-2.116127701404548134e+01
-2.122609262968580879e+01
-2.129100204818587372e+01
-2.135600555639484810e+01
-2.142110344158027146e+01
-2.148629599142441293e+01
-2.155158349402609019e+01
-2.161696623790612648e+01
-2.168244451200098410e+01
-2.174801860568550183e+01
-2.181368880873560556e+01
-2.187945541136559768e+01
-2.194531870421542408e+01
-2.201127897834248870e+01
-2.207733652524620993e+01
-2.214349163685437816e+01
-2.220974460551587981e+01
-2.227609572401070182e+01
-2.234254528556357400e+01
-2.240909358383760264e+01
-2.247574091291971854e+01
-2.254248756733795744e+01
-2.260933384206146002e+01
-2.267628003249683388e+01
-2.274332643449633906e+01
-2.281047334435879748e+01
-2.287772105881231255e+01
-2.294506987503973505e+01
-2.301252009067866311e+01
-2.308007200379961432e+01
-2.314772591293240112e+01
-2.321548211705612630e+01
-2.328334091560009256e+01
-2.335130260844562144e+01
-2.341936749592787237e+01
-2.348753587884766603e+01
-2.355580805845056602e+01
-2.362418433645052573e+01
-2.369266501501806488e+01
-2.376125039678208850e+01
-2.382994078483807243e+01
-2.389873648274169682e+01
-2.396763779452066956e+01
-2.403664502466290287e+01
-2.410575847812651773e+01
-2.417497846034075337e+01
-2.424430527720414830e+01
-2.431373923508726875e+01
-2.438328064083361824e+01
-2.445292980176054698e+01
-2.452268702566470893e+01
-2.459255262082388072e+01
-2.466252689598422876e+01
-2.473261016037577065e+01
-2.480280272371601313e+01
-2.487310489620267617e+01
-2.494351698851551191e+01
-2.501403931181994267e+01
-2.508467217777251790e+01
-2.515541589851363824e+01
-2.522627078667210299e+01
-2.529723715537784301e+01
-2.536831531824736885e+01
-2.543950558938831819e+01
-2.551080828340491280e+01
-2.558222371540068707e+01
-2.565375220097666897e+01
-2.572539405623683706e+01
-2.579714959778175398e+01
-2.586901914270856651e+01
-2.594100300862737640e+01
-2.601310151365851198e+01
-2.608531497641433816e+01
-2.615764371602199390e+01
-2.623008805212339212e+01
-2.630264830486157734e+01
-2.637532479489709658e+01
-2.644811784340890881e+01
-2.652102777207801410e+01
-2.659405490311291942e+01
-2.666719955924054375e+01
-2.674046206369894207e+01
-2.681384274025367631e+01
-2.688734191318690137e+01
-2.696095990731191705e+01
-2.703469704796589212e+01
-2.710855366100076935e+01
-2.718253007281418832e+01
-2.725662661031856260e+01
-2.733084360096654564e+01
-2.740518137274011679e+01
-2.747964025414876232e+01
-2.755422057424948434e+01
-2.762892266262861085e+01
-2.770374684941089072e+01
-2.777869346525585570e+01
-2.785376284137419134e+01
-2.792895530951682304e+01
-2.800427120197309705e+01
-2.807971085157987545e+01
-2.815527459172153613e+01
-2.823096275633179175e+01
-2.830677567990096577e+01
-2.838271369744870753e+01
-2.845877714457128604e+01
-2.853496635741612408e+01
-2.861128167266906530e+01
-2.868772342758529703e+01
-2.876429195998571231e+01
-2.884098760823690100e+01
-2.891781071127661562e+01
-2.899476160861013341e+01
-2.907184064029206638e+01
-2.914904814695000823e+01
-2.922638446978635329e+01
-2.930384995057102060e+01
-2.938144493163053994e+01
-2.945916975588261266e+01
-2.953702476681064581e+01
-2.961501030847466609e+01
-2.969312672550586285e+01
-2.977137436311568308e+01
-2.984975356710310734e+01
-2.992826468384373584e+01
-3.000690806029706437e+01
-3.008568404399920837e+01
-3.016459298308473080e+01
-3.024363522627027123e+01
-3.032281112284908886e+01
-3.040212102273835626e+01
-3.048156527641367575e+01
-3.056114423494727816e+01
-3.064085825003894570e+01
-3.072070767394870927e+01
-3.080069285954778024e+01
-3.088081416031673143e+01
-3.096107193032185023e+01
-3.104146652424606145e+01
-3.112199829737255641e+01
-3.120266760557751695e+01
-3.128347480536831426e+01
-3.136442025384894805e+01
-3.144550430872732250e+01
-3.152672732834071212e+01
-3.160808967163211491e+01
-3.168959169815207133e+01
-3.177123376808049215e+01
-3.185301624221756356e+01
-3.193493948196555721e+01
-3.201700384937066701e+01
-3.209920970709936228e+01
-3.218155741842929274e+01
-3.226404734727293544e+01
-3.234667985817031877e+01
-3.242945531629811740e+01
-3.251237408745691937e+01
-3.259543653808577801e+01
-3.267864303525857395e+01
-3.276199394667310116e+01
-3.284548964068380883e+01
-3.292913048628361139e+01
-3.301291685308387969e+01
-3.309684911136355367e+01
-3.318092763204185758e+01
-3.326515278667102393e+01
-3.334952494747085439e+01
-3.343404448730143486e+01
-3.351871177965949755e+01
-3.360352719872025773e+01
-3.368849111930467188e+01
-3.377360391687943775e+01
-3.385886596757700318e+01
-3.394427764819738513e+01
-3.402983933618997980e+01
-3.411555140966265753e+01
-3.420141424740904768e+01
-3.428742822887397779e+01
-3.437359373417166353e+01
-3.445991114407843270e+01
-3.454638084005455312e+01
-3.463300320423695666e+01
-3.471977861942286836e+01
-3.480670746908981528e+01
-3.489379013739926449e+01
-3.498102700919298513e+01
-3.506841846998577239e+01
-3.515596490597636148e+01
-3.524366670405288460e+01
-3.533152425179468992e+01
-3.541953793746870360e+01
-3.550770815001305891e+01
-3.559603527908075193e+01
-3.568451971500689979e+01
-3.577316184881965455e+01
-3.586196207226021215e+01
-3.595092077774825157e+01
-3.604003835841103864e+01
-3.612931520808342611e+01
-3.621875172129875864e+01
-3.630834829329432978e+01
-3.639810532002047694e+01
-3.648802319812966743e+01
-3.657810232499286940e+01
-3.666834309869227582e+01
-3.675874591801948554e+01
-3.684931118248277926e+01
-3.694003929231075745e+01
-3.703093064845597837e+01
-3.712198565257494920e+01
-3.721320470707723871e+01
-3.730458821507636458e+01
-3.739613658040070732e+01
-3.748785020763716602e+01
-3.757972950209295959e+01
-3.767177486979562673e+01
-3.776398671751303482e+01
-3.785636545274974196e+01
-3.794891148375972989e+01
-3.804162521951366216e+01
-3.813450706973162596e+01
-3.822755744488495111e+01
-3.832077675618165813e+01
-3.841416541558282916e+01
-3.850772383579351299e+01
-3.860145243026272510e+01
-3.869535161320163752e+01
-3.878942179957994085e+01
-3.888366340509855945e+01
-3.897807684624967806e+01
-3.907266254025489616e+01
-3.916742090511615970e+01
-3.926235235959029524e+01
-3.935745732319628587e+01
-3.945273621622800420e+01
-3.954818945975421229e+01
-3.964381747558400093e+01
-3.973962068632863520e+01
-3.983559951536881272e+01
-3.993175438685102563e+01
-4.002808572570938850e+01
-4.012459395764562942e+01
-4.022127950915819383e+01
-4.031814280752223567e+01
-4.041518428078961733e+01
-4.051240435782165150e+01
-4.060980346825272136e+01
-4.070738204250665149e+01
-4.080514051180216484e+01
-4.090307930815833970e+01
-4.100119886439824768e+01
-4.109949961411621189e+01
-4.119798199173783360e+01
-4.129664643248179345e+01
-4.139549337236167048e+01
-4.149452324820595095e+01
-4.159373649764529546e+01
-4.169313355912890984e+01
-4.179271487192090717e+01
-4.189248087608393689e+01
-4.199243201250465063e+01
-4.209256872290279716e+01
-4.219289144980029960e+01
-4.229340063653035031e+01
-4.239409672728470468e+01
-4.249498016705729242e+01
-4.259605140167150239e+01
-4.269731087778018264e+01
-4.279875904287473531e+01
-4.290039634528875467e+01
-4.300222323416346626e+01
-4.310424015950593457e+01
-4.320644757213995035e+01
-4.330884592375150532e+01
-4.341143566686696431e+01
-4.351421725484215131e+01
-4.361719114190236724e+01
-4.372035778310237220e+01
-4.382371763436094625e+01
-4.392727115245361347e+01
-4.403101879500354698e+01
-4.413496102049793990e+01
-4.423909828827527235e+01
-4.434343105854350142e+01
-4.444795979237278516e+01
-4.455268495169912057e+01
-4.465760699932616262e+01
-4.476272639893068117e+01
-4.486804361505710403e+01
-4.497355911312115495e+01
-4.507927335943168146e+01
-4.518518682114699914e+01
-4.529129996633128030e+01
-4.539761326393090712e+01
-4.550412718375264376e+01
-4.561084219651638705e+01
-4.571775877380787279e+01
-4.582487738812233147e+01
-4.593219851284811739e+01
-4.603972262225397571e+01
-4.614745019151450833e+01
-4.625538169669562194e+01
-4.636351761477635591e+01
-4.647185842364524433e+01
-4.658040460206393618e+01
-4.668915662973267899e+01
-4.679811498724666308e+01
-4.690728015612148738e+01
-4.701665261879134050e+01
-4.712623285857443989e+01
-4.723602135974579141e+01
-4.734601860749171465e+01
-4.745622508790438587e+01
-4.756664128800548497e+01
-4.767726769576074730e+01
-4.778810480005631689e+01
-4.789915309068783245e+01
-4.801041305841135909e+01
-4.812188519491792249e+01
-4.823356999282077595e+01
-4.834546794568086625e+01
-4.845757954800501466e+01
-4.856990529522772704e+01
-4.868244568374939263e+01
-4.879520121091081819e+01
-4.890817237501141790e+01
-4.902135967528010951e+01
-4.913476361191715114e+01
-4.924838468610505515e+01
-4.936222339993582864e+01
-4.947628025649464689e+01
-4.959055575983256858e+01
-4.970505041495016485e+01
-4.981976472781934717e+01
-4.993469920539973828e+01
-5.004985435561320628e+01
-5.016523068734932167e+01
-5.028082871048172819e+01
-5.039664893586450489e+01
-5.051269187534126104e+01
-5.062895804172876524e+01
-5.074544794882058341e+01
-5.086216211141982058e+01
-5.097910104532093101e+01
-5.109626526729880425e+01
-5.121365529511967907e+01
-5.133127164756842831e+01
-5.144911484441036009e+01
-5.156718540641668369e+01
-5.168548385538088041e+01
-5.180401071408050484e+01
-5.192276650631174562e+01
-5.204175175689488242e+01
-5.216096699164700112e+01
-5.228041273739472672e+01
-5.240008952200150816e+01
-5.251999787435670441e+01
-5.264013832435739459e+01
-5.276051140291929187e+01
-5.288111764201494225e+01
-5.300195757462097390e+01
-5.312303173474901996e+01
-5.324434065747664135e+01
-5.336588487887092924e+01
-5.348766493606854056e+01
-5.360968136725932709e+01
-5.373193471163904178e+01
-5.385442550948755525e+01
-5.397715430211064813e+01
-5.410012163187457190e+01
-5.422332804220059188e+01
-5.434677407758135814e+01
-5.447046028352997382e+01
-5.459438720664729772e+01
-5.471855539459829743e+01
-5.484296539611932531e+01
-5.496761776099265262e+01
-5.509251304008830630e+01
-5.521765178535315499e+01
-5.534303454979453818e+01
-5.546866188750573201e+01
-5.559453435367504426e+01
-5.572065250454943452e+01
-5.584701689747998898e+01
-5.597362809088917857e+01
-5.610048664431451471e+01
-5.622759311836489360e+01
-5.635494807474788104e+01
-5.648255207627698837e+01
-5.661040568686621555e+01
-5.673850947153914603e+01
-5.686686399638711009e+01
-5.699546982865649625e+01
-5.712432753668690566e+01
-5.725343768991842808e+01
-5.738280085893347859e+01
-5.751241761541314190e+01
-5.764228853213535331e+01
-5.777241418305857223e+01
-5.790279514324356569e+01
-5.803343198884795129e+01
-5.816432529719531885e+01
-5.829547564673703164e+01
-5.842688361705586431e+01
-5.855854978886418394e+01
-5.869047474402759690e+01
-5.882265906555767288e+01
-5.895510333760648791e+01
-5.908780814546298643e+01
-5.922077407560027495e+01
-5.935400171561013849e+01
-5.948749165423942031e+01
-5.962124448144095368e+01
-5.975526078830080223e+01
-5.988954116702734609e+01
-6.002408621106587816e+01
-6.015889651500947366e+01
-6.029397267459535215e+01
-6.042931528675399022e+01
-6.056492494960184558e+01
-6.070080226243590005e+01
-6.083694782572092663e+01
-6.097336224111859337e+01
-6.111004611145654053e+01
-6.124700004078476923e+01
-6.138422463435745158e+01
-6.152172049856199010e+01
-6.165948824103725201e+01
-6.179752847061718057e+01
-6.193584179732351913e+01
-6.207442883240400988e+01
-6.221329018829601409e+01
-6.235242647865561594e+01
-6.249183831837763137e+01
-6.263152632353194349e+01
-6.277149111143626214e+01
-6.291173330063611502e+01
-6.305225351088483876e+01
-6.319305236317995877e+01
-6.333413047972680943e+01
-6.347548848399856070e+01
-6.361712700069074344e+01
-6.375904665571033547e+01
-6.390124807625761605e+01
-6.404373189074249240e+01
-6.418649872883361240e+01
-6.432954922145290766e+01
-6.447288400075922254e+01
-6.461650370020288392e+01
-6.476040895445839851e+01
-6.490460039946810866e+01
-6.504907867246402020e+01
-6.519384441191323276e+01
-6.533889825758160441e+01
-6.548424085048463894e+01
-6.562987283291658969e+01
-6.577579484847228741e+01
-6.592200754201621749e+01
-6.606851155968615785e+01
-6.621530754891864490e+01
-6.636239615842350759e+01
-6.650977803823479917e+01
-6.665745383967805537e+01
-6.680542421534846653e+01
-6.695368981915453332e+01
-6.710225130631806678e+01
-6.725110933338510222e+01
-6.740026455817496753e+01
-6.754971763983485289e+01
-6.769946923883253476e+01
-6.784952001697092783e+01
-6.799987063735170523e+01
-6.815052176438985043e+01
-6.830147406387186493e+01
-6.845272820286845672e+01
-6.860428484981457586e+01
-6.875614467448031064e+01
-6.890830834795269766e+01
-6.906077654268665356e+01
-6.921354993247587117e+01
-6.936662919245645753e+01
-6.952001499911057181e+01
-6.967370803030280513e+01
-6.982770896522561088e+01
-6.998201848444296047e+01
-7.013663726989761926e+01
-7.029156600485657691e+01
-7.044680537400199682e+01
-7.060235606338756043e+01
-7.075821876040572533e+01
-7.091439415384229505e+01
-7.107088293388733291e+01
-7.122768579209150630e+01
-7.138480342141338042e+01
-7.154223651617576252e+01
-7.169998577211299562e+01
-7.185805188636732055e+01
-7.201643555745977210e+01
-7.217513748532655882e+01
-7.233415837128632120e+01
-7.249349891811289126e+01
-7.265315982996617095e+01
-7.281314181242487393e+01
-7.297344557246105978e+01
-7.313407181851289351e+01
-7.329502126043735188e+01
-7.345629460948111955e+01
-7.361789257834243472e+01
-7.377981588117836509e+01
-7.394206523356479011e+01
-7.410464135251822881e+01
-7.426754495647401200e+01
-7.443077676536631770e+01
-7.459433750054449774e+01
-7.475822788481673342e+01
-7.492244864247550140e+01
-7.508700049920662423e+01
-7.525188418222023756e+01
-7.541710042018166860e+01
-7.558264994321871200e+01
-7.574853348293618183e+01
-7.591475177239772165e+01
-7.608130554615854635e+01
-7.624819554026180413e+01
-7.641542249222766259e+01
-7.658298714107877458e+01
-7.675089022731481236e+01
-7.691913249294157140e+01
-7.708771468145641848e+01
-7.725663753785920562e+01
-7.742590180867046001e+01
-7.759550824186953832e+01
-7.776545758702195599e+01
-7.793575059518479975e+01
-7.810638801888126181e+01
-7.827737061220977921e+01
-7.844869913079674006e+01
-7.862037433176010381e+01
-7.879239697378216079e+01
-7.896476781706951442e+01
-7.913748762336399523e+01
-7.931055715596085065e+01
-7.948397717968691722e+01
-7.965774846090425854e+01
-7.983187176758292480e+01
-8.000634786920272745e+01
-8.018117753680417081e+01
-8.035636154298117617e+01
-8.053190066194656538e+01
-8.070779566945202532e+01
-8.088404734276991803e+01
-8.106065646083152387e+01
-8.123762380410335027e+01
-8.141495015464533935e+01
-8.159263629609995405e+01
-8.177068301369945402e+01
-8.194909109427680960e+01
-8.212786132626570179e+01
-8.230699449967869441e+01
-8.248649140613269992e+01
-8.266635283890718711e+01
-8.284657959280957584e+01
-8.302717246431348030e+01
-8.320813225151505321e+01
-8.338945975409660605e+01
-8.357115577339209267e+01
-8.375322111235800548e+01
-8.393565657557701343e+01
-8.411846296929070377e+01
-8.430164110133773647e+01
-8.448519178122660378e+01
-8.466911582012107829e+01
-8.485341403081838507e+01
-8.503808722777466755e+01
-8.522313622709043557e+01
-8.540856184654694516e+01
-8.559436490560256061e+01
-8.578054622531635687e+01
-8.596710662849727669e+01
-8.615404693960590521e+01
-8.634136798475446994e+01
-8.652907059175777249e+01
-8.671715559011136065e+01
-8.690562381102790823e+01
-8.709447608736445545e+01
-8.728371325371335843e+01
-8.747333614636227139e+01
-8.766334560327595682e+01
-8.785374246417995892e+01
-8.804452757046601619e+01
-8.823570176525390707e+01
-8.842726589336962206e+01
-8.861922080139993341e+01
-8.881156733764510136e+01
-8.900430635209340835e+01
-8.919743869652666035e+01
-8.939096522445106530e+01
-8.958488679106812924e+01
-8.977920425338379573e+01
-8.997391847012477228e+01
-9.007137487454920688e+01
