-4.503568743728010304e+01
-4.498695923506602412e+01
-4.488960212669189787e+01
-4.479244339553224563e+01
-4.469548261222371366e+01
-4.459871934826333018e+01
-4.450215317604852316e+01
-4.440578366882255068e+01
-4.430961040069996670e+01
-4.421363294668481103e+01
-4.411785088262331556e+01
-4.402226378523482708e+01
-4.392687123209179845e+01
-4.383167280164525437e+01
-4.373666807317931671e+01
-4.364185662685486022e+01
-4.354723804367858975e+01
-4.345281190551577311e+01
-4.335857779505749932e+01
-4.326453529587706726e+01
-4.317068399237541598e+01
-4.307702346980477159e+01
-4.298355331425227632e+01
-4.289027311265817843e+01
-4.279718245279582334e+01
-4.270428092328256753e+01
-4.261156811354339879e+01
-4.251904361388369580e+01
-4.242670701541101153e+01
-4.233455791006417712e+01
-4.224259589061148290e+01
-4.215082055066523026e+01
-4.205923148464717087e+01
-4.196782828779214469e+01
-4.187661055617718375e+01
-4.178557788669604633e+01
-4.169472987705194100e+01
-4.160406612575388863e+01
-4.151358623215855914e+01
-4.142328979640660691e+01
-4.133317641945359355e+01
-4.124324570306816895e+01
-4.115349724983389024e+01
-4.106393066313466989e+01
-4.097454554714022379e+01
-4.088534150684790802e+01
-4.079631814805179602e+01
-4.070747507732448867e+01
-4.061881190204985614e+01
-4.053032823041939992e+01
-4.044202367138495902e+01
-4.035389783472237468e+01
-4.026595033097692067e+01
-4.017818077149422606e+01
-4.009058876840390440e+01
-4.000317393459954474e+01
-3.991593588379328139e+01
-3.982887423045212927e+01
-3.974198858983800164e+01
-3.965527857798224431e+01
-3.956874381168199761e+01
-3.948238390853475721e+01
-3.939619848689108039e+01
-3.931018716588005191e+01
-3.922434956540018902e+01
-3.913868530610125163e+01
-3.905319400944063091e+01
-3.896787529759421886e+01
-3.888272879351097799e+01
-3.879775412093476916e+01
-3.871295090433341102e+01
-3.862831876893142180e+01
-3.854385734072820924e+01
-3.845956624646714772e+01
-3.837544511365740618e+01
-3.829149357054120628e+01
-3.820771124611383129e+01
-3.812409777013272105e+01
-3.804065277307927317e+01
-3.795737588619886083e+01
-3.787426674146627192e+01
-3.779132497161117499e+01
-3.770855021009265329e+01
-3.762594209111011878e+01
-3.754350024960331211e+01
-3.746122432123411272e+01
-3.737911394241018570e+01
-3.729716875027224887e+01
-3.721538838268315885e+01
-3.713377247823882499e+01
-3.705232067626093340e+01
-3.697103261678239505e+01
-3.688990794058918254e+01
-3.680894628917303635e+01
-3.672814730473692180e+01
-3.664751063021867594e+01
-3.656703590925826575e+01
-3.648672278622871090e+01
-3.640657090620879899e+01
-3.632657991498308547e+01
-3.624674945905644563e+01
-3.616707918564134161e+01
-3.608756874266327941e+01
-3.600821777873170504e+01
-3.592902594318002230e+01
-3.584999288605831680e+01
-3.577111825808970025e+01
-3.569240171070305223e+01
-3.561384289604575315e+01
-3.553544146694366646e+01
-3.545719707692114753e+01
-3.537910938019740570e+01
-3.530117803169014223e+01
-3.522340268700281740e+01
-3.514578300242828846e+01
-3.506831863494880963e+01
-3.499100924222329922e+01
-3.491385448260916746e+01
-3.483685401514594560e+01
-3.476000749955892388e+01
-3.468331459623004775e+01
-3.460677496623611660e+01
-3.453038827134150779e+01
-3.445415417397271085e+01
-3.437807233724015532e+01
-3.430214242490728793e+01
-3.422636410143422836e+01
-3.415073703193593246e+01
-3.407526088219674421e+01
-3.399993531867221463e+01
-3.392476000848728290e+01
-3.384973461942172435e+01
-3.377485881991378847e+01
-3.370013227908748377e+01
-3.362555466669073212e+01
-3.355112565316085238e+01
-3.347684490957726666e+01
-3.340271210767241428e+01
-3.332872691984084668e+01
-3.325488901911739958e+01
-3.318119807921175379e+01
-3.310765377446114144e+01
-3.303425577984307893e+01
-3.296100377100810874e+01
-3.288789742423978169e+01
-3.281493641645647585e+01
-3.274212042524050048e+01
-3.266944912879080221e+01
-3.259692220595661638e+01
-3.252453933623019111e+01
-3.245230019973587332e+01
-3.238020447722919926e+01
-3.230825185009962297e+01
-3.223644200038052077e+01
-3.216477461072463484e+01
-3.209324936441680620e+01
-3.202186594537215569e+01
-3.195062403812789853e+01
-3.187952332785516774e+01
-3.180856350034355273e+01
-3.173774424199837085e+01
-3.166706523986522370e+01
-3.159652618158997939e+01
-3.152612675544332888e+01
-3.145586665031714801e+01
-3.138574555571904057e+01
-3.131576316176506225e+01
-3.124591915918699669e+01
-3.117621323933053645e+01
-3.110664509414891654e+01
-3.103721441620200494e+01
-3.096792089866357855e+01
-3.089876423530949978e+01
-3.082974412051953550e+01
-3.076086024928008555e+01
-3.069211231717599730e+01
-3.062350002039238461e+01
-3.055502305572917976e+01
-3.048668112055838719e+01
-3.041847391285955382e+01
-3.035040113121976901e+01
-3.028246247480183229e+01
-3.021465764337608562e+01
-3.014698633729767607e+01
-3.007944825750564632e+01
-3.001204310553293908e+01
-2.994477058351458254e+01
-2.987763039414949162e+01
-2.981062224072411482e+01
-2.974374582711971016e+01
-2.967700085780234076e+01
-2.961038703779922798e+01
-2.954390407273240271e+01
-2.947755166880506295e+01
-2.941132953277792694e+01
-2.934523737201470794e+01
-2.927927489443391096e+01
-2.921344180852793215e+01
-2.914773782336760632e+01
-2.908216264859765943e+01
-2.901671599442397564e+01
-2.895139757162178284e+01
-2.888620709153019561e+01
-2.882114426606767665e+01
-2.875620880770384247e+01
-2.869140042946764879e+01
-2.862671884495830454e+01
-2.856216376834254334e+01
-2.849773491433006711e+01
-2.843343199819355505e+01
-2.836925473576866352e+01
-2.830520284343401727e+01
-2.824127603813758469e+01
-2.817747403737575951e+01
-2.811379655918153730e+01
-2.805024332215816685e+01
-2.798681404544549878e+01
-2.792350844873635651e+01
-2.786032625227471726e+01
-2.779726717683934112e+01
-2.773433094375195651e+01
-2.767151727489817858e+01
-2.760882589267748699e+01
-2.754625652004233416e+01
-2.748380888049541682e+01
-2.742148269805966265e+01
-2.735927769729823922e+01
-2.729719360332546785e+01
-2.723523014176589641e+01
-2.717338703878886008e+01
-2.711166402110393392e+01
-2.705006081593819545e+01
-2.698857715105259558e+01
-2.692721275474286813e+01
-2.686596735581861140e+01
-2.680484068362693506e+01
-2.674383246803699876e+01
-2.668294243943637412e+01
-2.662217032873741118e+01
-2.656151586737541948e+01
-2.650097878730866796e+01
-2.644055882100929011e+01
-2.638025570145964593e+01
-2.632006916217687831e+01
-2.625999893718108069e+01
-2.620004476099984458e+01
-2.614020636869736336e+01
-2.608048349582168157e+01
-2.602087587844653171e+01
-2.596138325315769180e+01
-2.590200535704116191e+01
-2.584274192768953071e+01
-2.578359270320834185e+01
-2.572455742220336106e+01
-2.566563582378330466e+01
-2.560682764756074903e+01
-2.554813263365031162e+01
-2.548955052266137500e+01
-2.543108105570900079e+01
-2.537272397441029170e+01
-2.531447902086347312e+01
-2.525634593766972102e+01
-2.519832446793316194e+01
-2.514041435524177359e+01
-2.508261534367375134e+01
-2.502492717780569365e+01
-2.496734960269986914e+01
-2.490988236391058308e+01
-2.485252520747417293e+01
-2.479527787991628429e+01
-2.473814012824732345e+01
-2.468111169996791432e+01
-2.462419234305252758e+01
-2.456738180596221355e+01
-2.451067983763823577e+01
-2.445408618750298047e+01
-2.439760060545631859e+01
-2.434122284187469631e+01
-2.428495264761204453e+01
-2.422878977399886935e+01
-2.417273397284407110e+01
-2.411678499641038798e+01
-2.406094259745805175e+01
-2.400520652920749853e+01
-2.394957654534391622e+01
-2.389405240002724895e+01
-2.383863384788128315e+01
-2.378332064400274248e+01
-2.372811254395037395e+01
-2.367300930374494783e+01
-2.361801067987289571e+01
-2.356311642928721994e+01
-2.350832630939294177e+01
-2.345364007806347217e+01
-2.339905749362424103e+01
-2.334457831486452051e+01
-2.329020230103196809e+01
-2.323592921182353166e+01
-2.318175880738908745e+01
-2.312769084834690148e+01
-2.307372509575543518e+01
-2.301986131112789735e+01
-2.296609925642587768e+01
-2.291243869406207523e+01
-2.285887938690302690e+01
-2.280542109825546504e+01
-2.275206359187359340e+01
-2.269880663196636306e+01
-2.264564998316927813e+01
-2.259259341057168058e+01
-2.253963667971493123e+01
-2.248677955656330596e+01
-2.243402180752673303e+01
-2.238136319946443109e+01
-2.232880349966399081e+01
-2.227634247584956029e+01
-2.222397989618548308e+01
-2.217171552927266021e+01
-2.211954914413672668e+01
-2.206748051024896995e+01
-2.201550939750177349e+01
-2.196363557622680673e+01
-2.191185881718047312e+01
-2.186017889155300509e+01
-2.180859557095209311e+01
-2.175710862742016616e+01
-2.170571783343257266e+01
-2.165442296187575266e+01
-2.160322378606815619e+01
-2.155212007975205779e+01
-2.150111161708355212e+01
-2.145019817264346784e+01
-2.139937952143827715e+01
-2.134865543889100081e+01
-2.129802570083575119e+01
-2.124749008352773672e+01
-2.119704836364417133e+01
-2.114670031826699415e+01
-2.109644572489742131e+01
-2.104628436145139858e+01
-2.099621600625232531e+01
-2.094624043804287794e+01
-2.089635743595863460e+01
-2.084656677956354542e+01
-2.079686824882355722e+01
-2.074726162410297547e+01
-2.069774668618083524e+01
-2.064832321624089673e+01
-2.059899099586982629e+01
-2.054974980705810594e+01
-2.050059943219821434e+01
-2.045153965408007934e+01
-2.040257025590108242e+01
-2.035369102125150675e+01
-2.030490173412636068e+01
-2.025620217891173525e+01
-2.020759214039480867e+01
-2.015907140376111784e+01
-2.011063975457909692e+01
-2.006229697882281471e+01
-2.001404286285469425e+01
-1.996587719342642231e+01
-1.991779975768531585e+01
-1.986981034316431760e+01
-1.982190873779200047e+01
-1.977409472987710615e+01
-1.972636810811582109e+01
-1.967872866159814293e+01
-1.963117617979423812e+01
-1.958371045255717036e+01
-1.953633127012835757e+01
-1.948903842312483903e+01
-1.944183170255018922e+01
-1.939471089978906093e+01
-1.934767580660172825e+01
-1.930072621513136255e+01
-1.925386191789493751e+01
-1.920708270779141458e+01
-1.916038837808991957e+01
-1.911377872244156606e+01
-1.906725353486490349e+01
-1.902081260975501209e+01
-1.897445574188077444e+01
-1.892818272637668997e+01
-1.888199335875560791e+01
-1.883588743489872286e+01
-1.878986475104829879e+01
-1.874392510381949251e+01
-1.869806829020126315e+01
-1.865229410753727279e+01
-1.860660235353861935e+01
-1.856099282628838409e+01
-1.851546532422707969e+01
-1.847001964615355973e+01
-1.842465559124138963e+01
-1.837937295901065227e+01
-1.833417154934613791e+01
-1.828905116249734419e+01
-1.824401159906483372e+01
-1.819905266000932897e+01
-1.815417414664716489e+01
-1.810937586064937932e+01
-1.806465760404171306e+01
-1.802001917920551932e+01
-1.797546038887321629e+01
-1.793098103613101557e+01
-1.788658092441073677e+01
-1.784225985750254040e+01
-1.779801763954128546e+01
-1.775385407500652946e+01
-1.770976896873435180e+01
-1.766576212589825445e+01
-1.762183335202553280e+01
-1.757798245298818074e+01
-1.753420923499379569e+01
-1.749051350459649257e+01
-1.744689506869963225e+01
-1.740335373454490764e+01
-1.735988930971143418e+01
-1.731650160211756884e+01
-1.727319042002727656e+01
-1.722995557203921635e+01
-1.718679686708583176e+01
-1.714371411443698889e+01
-1.710070712370634283e+01
-1.705777570483314776e+01
-1.701491966809317091e+01
-1.697213882409869257e+01
-1.692943298378850159e+01
-1.688680195844062837e+01
-1.684424555965415493e+01
-1.680176359936103836e+01
-1.675935588982883928e+01
-1.671702224364889844e+01
-1.667476247373360820e+01
-1.663257639333642146e+01
-1.659046381602183828e+01
-1.654842455568177684e+01
-1.650645842654284934e+01
-1.646456524314180569e+01
-1.642274482034190441e+01
-1.638099697333655058e+01
-1.633932151762837748e+01
-1.629771826904107002e+01
-1.625618704373027867e+01
-1.621472765814905870e+01
-1.617333992908515938e+01
-1.613202367363555823e+01
-1.609077870921282738e+01
-1.604960485354968114e+01
-1.600850192468715250e+01
-1.596746974098277860e+01
-1.592650812110878178e+01
-1.588561688404024608e+01
-1.584479584907603567e+01
-1.580404483581423847e+01
-1.576336366417126555e+01
-1.572275215436548024e+01
-1.568221012692447403e+01
-1.564173740268324764e+01
-1.560133380278966797e+01
-1.556099914868718770e+01
-1.552073326212303073e+01
-1.548053596516092512e+01
-1.544040708015927521e+01
-1.540034642977389012e+01
-1.536035383697526413e+01
-1.532042912501947285e+01
-1.528057211747363908e+01
-1.524078263820592838e+01
-1.520106051136917813e+01
-1.516140556142454443e+01
-1.512181761313331663e+01
-1.508229649154327490e+01
-1.504284202200051368e+01
-1.500345403014853218e+01
-1.496413234192095842e+01
-1.492487678355155367e+01
-1.488568718155875104e+01
-1.484656336275202193e+01
-1.480750515423733304e+01
-1.476851238340532291e+01
-1.472958487794130633e+01
-1.469072246581526997e+01
-1.465192497528369131e+01
-1.461319223489408614e+01
-1.457452407347591361e+01
-1.453592032014421420e+01
-1.449738080430415721e+01
-1.445890535563921730e+01
-1.442049380411754100e+01
-1.438214597999285616e+01
-1.434386171379355801e+01
-1.430564083633453265e+01
-1.426748317870715255e+01
-1.422938857228564302e+01
-1.419135684872435377e+01
-1.415338783995048288e+01
-1.411548137816589588e+01
-1.407763729586076806e+01
-1.403985542578993773e+01
-1.400213560098563903e+01
-1.396447765475841152e+01
-1.392688142068800516e+01
-1.388934673262792785e+01
-1.385187342470544536e+01
-1.381446133131339593e+01
-1.377711028712474217e+01
-1.373982012707438116e+01
-1.370259068637005839e+01
-1.366542180048418231e+01
-1.362831330515928130e+01
-1.359126503640618466e+01
-1.355427683050038468e+01
-1.351734852398203657e+01
-1.348047995365595852e+01
-1.344367095659526967e+01
-1.340692137012683816e+01
-1.337023103184856154e+01
-1.333359977962118137e+01
-1.329702745155645971e+01
-1.326051388603900705e+01
-1.322405892170445441e+01
-1.318766239744854829e+01
-1.315132415242987918e+01
-1.311504402606124131e+01
-1.307882185801145170e+01
-1.304265748820716908e+01
-1.300655075682971074e+01
-1.297050150431277871e+01
-1.293450957135291901e+01
-1.289857479889042224e+01
-1.286269702811932802e+01
-1.282687610048878923e+01
-1.279111185770034353e+01
-1.275540414170291115e+01
-1.271975279469370435e+01
-1.268415765912413917e+01
-1.264861857768937625e+01
-1.261313539333559675e+01
-1.257770794925681912e+01
-1.254233608888534945e+01
-1.250701965591042608e+01
-1.247175849425775596e+01
-1.243655244810133809e+01
-1.240140136185800657e+01
-1.236630508018924957e+01
-1.233126344799120488e+01
-1.229627631041103086e+01
-1.226134351283280921e+01
-1.222646490087981874e+01
-1.219164032041680912e+01
-1.215686961754408912e+01
-1.212215263860207415e+01
-1.208748923016901244e+01
-1.205287923906325886e+01
-1.201832251233236093e+01
-1.198381889726033478e+01
-1.194936824137039366e+01
-1.191497039241903622e+01
-1.188062519839149900e+01
-1.184633250750857769e+01
-1.181209216822617236e+01
-1.177790402922528301e+01
-1.174376793942337827e+01
-1.170968374796439093e+01
-1.167565130422281072e+01
-1.164167045779959153e+01
-1.160774105852760840e+01
-1.157386295646665531e+01
-1.154003600190026191e+01
-1.150626004533933155e+01
-1.147253493752032227e+01
-1.143886052940570153e+01
-1.140523667217803450e+01
-1.137166321724998852e+01
-1.133814001624978118e+01
-1.130466692102936577e+01
-1.127124378366852397e+01
-1.123787045645940452e+01
-1.120454679191971081e+01
-1.117127264278360599e+01
-1.113804786200444141e+01
-1.110487230275657566e+01
-1.107174581842673433e+01
-1.103866826262355971e+01
-1.100563948917260859e+01
-1.097265935210634780e+01
-1.093972770568188935e+01
-1.090684440436871228e+01
-1.087400930284229617e+01
-1.084122225600094680e+01
-1.080848311895260849e+01
-1.077579174701259035e+01
-1.074314799571266121e+01
-1.071055172079059048e+01
-1.067800277819833354e+01
-1.064550102409293686e+01
-1.061304631484290439e+01
-1.058063850702319542e+01
-1.054827745741704348e+01
-1.051596302301322794e+01
-1.048369506100698345e+01
-1.045147342880045471e+01
-1.041929798399633000e+01
-1.038716858440602664e+01
-1.035508508804150551e+01
-1.032304735311845434e+01
-1.029105523805719713e+01
-1.025910860147268977e+01
-1.022720730219180041e+01
-1.019535119923330058e+01
-1.016354015181286741e+01
-1.013177401935718080e+01
-1.010005266148164083e+01
-1.006837593800264585e+01
-1.003674370893395462e+01
-1.000515583448441248e+01
-9.973612175062044116e+00
-9.942112591267687094e+00
-9.910656943895901350e+00
-9.879245093939516664e+00
-9.847876902582356706e+00
-9.816552231199239031e+00
-9.785270941360977304e+00
-9.754032894829833822e+00
-9.722837953554972046e+00
-9.691685979680642049e+00
-9.660576835539359308e+00
-9.629510383652359451e+00
-9.598486486730962497e+00
-9.567505007670206396e+00
-9.536565809560670459e+00
-9.505668755674378190e+00
-9.474813709466616274e+00
-9.444000534584120032e+00
-9.413229094856887968e+00
-9.382499254301819747e+00
-9.351810877111802256e+00
-9.321163827669806778e+00
-9.290557970542067778e+00
-9.259993170470806945e+00
-9.229469292384692380e+00
-9.198986201393381634e+00
-9.168543762784338469e+00
-9.138141842023287609e+00
-9.107780304761035950e+00
-9.077459016819830140e+00
-9.047177844206544250e+00
-9.016936653099492105e+00
-8.986735309855248488e+00
-8.956573681011832377e+00
-8.926451633272790787e+00
-8.896369033523114922e+00
-8.866325748823328468e+00
-8.836321646405849606e+00
-8.806356593675445765e+00
-8.776430458206505136e+00
-8.746543107748948387e+00
-8.716694410229592904e+00
-8.686884233733508154e+00
-8.657112446529026784e+00
-8.627378917043643014e+00
-8.597683513879928796e+00
-8.568026105805074621e+00
-8.538406561759074975e+00
-8.508824750847452378e+00
-8.479280542336709914e+00
-8.449773805668428395e+00
-8.420304410445623944e+00
-8.390872226434566983e+00
-8.361477123568874958e+00
-8.332118971944055374e+00
-8.302797641820689023e+00
-8.273513003621246753e+00
-8.244264927932363207e+00
-8.215053285495741875e+00
-8.185877947220888018e+00
-8.156738784176013723e+00
-8.127635667588947399e+00
-8.098568468844405288e+00
-8.069537059489448438e+00
-8.040541311228480481e+00
-8.011581095920973894e+00
-7.982656285586926970e+00
-7.953766752399587858e+00
-7.924912368691821030e+00
-7.896093006945648085e+00
-7.867308539804525935e+00
-7.838558840065161348e+00
-7.809843780674327718e+00
-7.781163234732503042e+00
-7.752517075494779419e+00
-7.723905176368589309e+00
-7.695327410911431798e+00
-7.666783652829508355e+00
-7.638273775983179803e+00
-7.609797654381964094e+00
-7.581355162180898333e+00
-7.552946173687814735e+00
-7.524570563358338404e+00
-7.496228205791794608e+00
-7.467918975737120491e+00
-7.439642748090591340e+00
-7.411399397894911090e+00
-7.383188800332391111e+00
-7.355010830736318894e+00
-7.326865364583227347e+00
-7.298752277487892570e+00
-7.270671445216521533e+00
-7.242622743671745411e+00
-7.214606048900350288e+00
-7.186621237091003422e+00
-7.158668184570160520e+00
-7.130746767809341691e+00
-7.102856863416491251e+00
-7.074998348140525195e+00
-7.047171098869966954e+00
-7.019374992624761944e+00
-6.991609906573103217e+00
-6.963875718012332072e+00
-6.936172304378487752e+00
-6.908499543245397945e+00
-6.880857312321040808e+00
-6.853245489447090222e+00
-6.825663952599825279e+00
-6.798112579892858776e+00
-6.770591249570770742e+00
-6.743099840005470469e+00
-6.715638229710748419e+00
-6.688206297328179062e+00
-6.660803921627575619e+00
-6.633430981511537539e+00
-6.606087356014995748e+00
-6.578772924299300939e+00
-6.551487565655406797e+00
-6.524231159504779498e+00
-6.497003585391212255e+00
-6.469804722995377233e+00
-6.442634452116180910e+00
-6.415492652681223262e+00
-6.388379204747252516e+00
-6.361293988493343932e+00
-6.334236884224992536e+00
-6.307207772367291909e+00
-6.280206533473574382e+00
-6.253233048221773061e+00
-6.226287197408510110e+00
-6.199368861954098975e+00
-6.172477922898906399e+00
-6.145614261407899903e+00
-6.118777758763371821e+00
-6.091968296369941527e+00
-6.065185755751826946e+00
-6.038430018545568601e+00
-6.011700966515491018e+00
-5.984998481541424553e+00
-5.958322445616431651e+00
-5.931672740853173309e+00
-5.905049249482090090e+00
-5.878451853847309394e+00
-5.851880436408009700e+00
-5.825334879741149052e+00
-5.798815066533734353e+00
-5.772320879591006815e+00
-5.745852201827801764e+00
-5.719408916274005605e+00
-5.692990906068189361e+00
-5.666598054466248868e+00
-5.640230244832309836e+00
-5.613887360637818347e+00
-5.587569285472454794e+00
-5.561275903027308232e+00
-5.535007097106245055e+00
-5.508762751622271026e+00
-5.482542750595712278e+00
-5.456346978155579563e+00
-5.430175318535930273e+00
-5.404027656076323183e+00
-5.377903875226820674e+00
-5.351803860540258029e+00
-5.325727496675426664e+00
-5.299674668392981403e+00
-5.273645260559533199e+00
-5.247639158149922878e+00
-5.221656246232214471e+00
-5.195696409983156627e+00
-5.169759534683180391e+00
-5.143845505706394761e+00
-5.117954208537867089e+00
-5.092085528755887935e+00
-5.066239352041066013e+00
-5.040415564174509200e+00
-5.014614051033277065e+00
-4.988834698595837835e+00
-4.963077392936611432e+00
-4.937342020228697947e+00
-4.911628466742058663e+00
-4.885936618842606549e+00
-4.860266362991751521e+00
-4.834617585748219426e+00
-4.808990173763959319e+00
-4.783384013785507705e+00
-4.757798992651714798e+00
-4.732234997297837253e+00
-4.706691914750990691e+00
-4.681169632132423430e+00
-4.655668036652514274e+00
-4.630187015610772505e+00
-4.604726456403113843e+00
-4.579286246515039238e+00
-4.553866273519815877e+00
-4.528466425079386681e+00
-4.503086588947553537e+00
-4.477726652964520326e+00
-4.452386505060076161e+00
-4.427066033247228916e+00
-4.401765125634483411e+00
-4.376483670407196769e+00
-4.351221555840766086e+00
-4.325978670299718942e+00
-4.300754902227708953e+00
-4.275550140155246481e+00
-4.250364272697424894e+00
-4.225197188552556327e+00
-4.200048776499897940e+00
-4.174918925403744652e+00
-4.149807524210700649e+00
-4.124714461948315147e+00
-4.099639627724627644e+00
-4.074582910724984686e+00
-4.049544200220680068e+00
-4.024523385561224131e+00
-3.999520356171615276e+00
-3.974535001560070668e+00
-3.949567211308931292e+00
-3.924616875080118916e+00
-3.899683882613317110e+00
-3.874768123724606994e+00
-3.849869488302829268e+00
-3.824987866318679153e+00
-3.800123147813792457e+00
-3.775275222903928807e+00
-3.750443981780790637e+00
-3.725629314711113693e+00
-3.700831112032574310e+00
-3.676049264156972640e+00
-3.651283661564775684e+00
-3.626534194816031231e+00
-3.601800754533087456e+00
-3.577083231414690090e+00
-3.552381516231889691e+00
-3.527695499817127711e+00
-3.503025073078333662e+00
-3.478370126993922895e+00
-3.453730552607339632e+00
-3.429106241029330704e+00
-3.404497083439764538e+00
-3.379902971086721664e+00
-3.355323795282856736e+00
-3.330759447405853280e+00
-3.306209818902516417e+00
-3.281674801281042164e+00
-3.257154286116019648e+00
-3.232648165046612121e+00
-3.208156329773373727e+00
-3.183678672061887482e+00
-3.159215083740946284e+00
-3.134765456697550690e+00
-3.110329682887368108e+00
-3.085907654319271387e+00
-3.061499263070345478e+00
-3.037104401273609255e+00
-3.012722961121653498e+00
-2.988354834866640886e+00
-2.963999914821670245e+00
-2.939658093355774326e+00
-2.915329262898922025e+00
-2.891013315937016159e+00
-2.866710145010983979e+00
-2.842419642717686656e+00
-2.818141701713557268e+00
-2.793876214710962813e+00
-2.769623074473201996e+00
-2.745382173818143201e+00
-2.721153405626409949e+00
-2.696936662820462516e+00
-2.672731838380514091e+00
-2.648538825341802294e+00
-2.624357516790041700e+00
-2.600187805864607071e+00
-2.576029585749438411e+00
-2.551882749686228635e+00
-2.527747190965783375e+00
-2.503622802926201985e+00
-2.479509478957425017e+00
-2.455407112498505739e+00
-2.431315597032153164e+00
-2.407234826092917501e+00
-2.383164693266280665e+00
-2.359105092178197083e+00
-2.335055916502824402e+00
-2.311017059965251974e+00
-2.286988416329677420e+00
-2.262969879405773099e+00
-2.238961343055962061e+00
-2.214962701179047144e+00
-2.190973847717032186e+00
-2.166994676658305252e+00
-2.143025082034910156e+00
-2.119064957921182213e+00
-2.095114198431474506e+00
-2.071172697719703137e+00
-2.047240349983894703e+00
-2.023317049461184070e+00
-1.999402690431907104e+00
-1.975497167211415217e+00
-1.951600374155987083e+00
-1.927712205659190658e+00
-1.903832556152337929e+00
-1.879961320110851375e+00
-1.856098392040166800e+00
-1.832243666483009292e+00
-1.808397038023485948e+00
-1.784558401273898198e+00
-1.760727650887474738e+00
-1.736904681552459806e+00
-1.713089387988475210e+00
-1.689281664950158302e+00
-1.665481407225797739e+00
-1.641688509636878734e+00
-1.617902867038992554e+00
-1.594124374315470050e+00
-1.570352926384202874e+00
-1.546588418194914993e+00
-1.522830744728253194e+00
-1.499079800990784861e+00
-1.475335482022273936e+00
-1.451597682891588192e+00
-1.427866298697608727e+00
-1.404141224566046731e+00
-1.380422355646260257e+00
-1.356709587123532401e+00
-1.333002814205428876e+00
-1.309301932125435997e+00
-1.285606836142960674e+00
-1.261917421546513651e+00
-1.238233583646433544e+00
-1.214555217776705831e+00
-1.190882219298600830e+00
-1.167214483596580976e+00
-1.143551906076936575e+00
-1.119894382169604796e+00
-1.096241807326805429e+00
-1.072594077022131387e+00
-1.048951086750093964e+00
-1.025312732029306062e+00
-1.001678908394296741e+00
-9.780495114032419224e-01
-9.544244366334169172e-01
-9.308035796780131932e-01
-9.071868361515953438e-01
-8.835741016887368460e-01
-8.599652719371988496e-01
-8.363602425652061356e-01
-8.127589092546259053e-01
-7.891611677091532329e-01
-7.655669136447613710e-01
-7.419760427924302348e-01
-7.183884508972369076e-01
-6.948040337215388718e-01
-6.712226870422455249e-01
-6.476443066444517171e-01
-6.240687883314421924e-01
-6.004960279205988627e-01
-5.769259212356701028e-01
-5.533583641145014553e-01
-5.297932524094903783e-01
-5.062304819794007926e-01
-4.826699486948200502e-01
-4.591115484354304499e-01
-4.355551770959209534e-01
-4.120007305714352697e-01
-3.884481047675762966e-01
-3.648971956063178368e-01
-3.413478990082694509e-01
-3.178001109008619096e-01
-2.942537272228946676e-01
-2.707086439199883898e-01
-2.471647569382184884e-01
-2.236219622327553225e-01
-2.000801557637714723e-01
-1.765392334928037599e-01
-1.529990913900292071e-01
-1.294596254219868570e-01
-1.059207315647654468e-01
-8.238230579854644020e-02
-5.884424409669009037e-02
-3.530644243983260822e-02
-1.176879681042919401e-02
1.176879681042919401e-02
3.530644243983260822e-02
5.884424409669009037e-02
8.238230579854644020e-02
1.059207315652201942e-01
1.294596254219868570e-01
1.529990913895744598e-01
1.765392334928037599e-01
2.000801557637714723e-01
2.236219622327553225e-01
2.471647569373089937e-01
2.707086439195336425e-01
2.942537272238041623e-01
3.178001109008619096e-01
3.413478990082694509e-01
3.648971956063178368e-01
3.884481047675762966e-01
4.120007305709805223e-01
4.355551770954662061e-01
4.591115484363399446e-01
4.826699486948200502e-01
5.062304819794007926e-01
5.297932524094903783e-01
5.533583641149562027e-01
5.769259212356701028e-01
6.004960279201441153e-01
6.240687883314421924e-01
6.476443066444517171e-01
6.712226870422455249e-01
6.948040337219936191e-01
7.183884508972369076e-01
7.419760427919754875e-01
7.655669136447613710e-01
7.891611677091532329e-01
8.127589092546259053e-01
8.363602425652061356e-01
8.599652719371988496e-01
8.835741016887368460e-01
9.071868361511405965e-01
9.308035796784679405e-01
9.544244366334169172e-01
9.780495114032419224e-01
1.001678908394296741e+00
1.025312732029306062e+00
1.048951086750093964e+00
1.072594077021221892e+00
1.096241807326805429e+00
1.119894382169604796e+00
1.143551906077391322e+00
1.167214483596580976e+00
1.190882219298146083e+00
1.214555217776251084e+00
1.238233583646433544e+00
1.261917421546513651e+00
1.285606836142960674e+00
1.309301932126345491e+00
1.333002814204974129e+00
1.356709587123077654e+00
1.380422355646260257e+00
1.404141224566046731e+00
1.427866298698063474e+00
1.451597682891588192e+00
1.475335482021819189e+00
1.499079800990784861e+00
1.522830744727798447e+00
1.546588418194914993e+00
1.570352926385112369e+00
1.594124374315924797e+00
1.617902867038537806e+00
1.641688509636878734e+00
1.665481407226707233e+00
1.689281664950158302e+00
1.713089387988475210e+00
1.736904681552914553e+00
1.760727650887929485e+00
1.784558401273898198e+00
1.808397038023031200e+00
1.832243666483464040e+00
1.856098392040166800e+00
1.879961320111306122e+00
1.903832556153247424e+00
1.927712205658735911e+00
1.951600374155532336e+00
1.975497167211869964e+00
1.999402690431907104e+00
2.023317049460274575e+00
2.047240349983439955e+00
2.071172697720157885e+00
2.095114198431019759e+00
2.119064957921636960e+00
2.143025082035819651e+00
2.166994676658305252e+00
2.190973847717032186e+00
2.214962701178592397e+00
2.238961343056416808e+00
2.262969879406227847e+00
2.286988416329677420e+00
2.311017059965706721e+00
2.335055916503279150e+00
2.359105092178651830e+00
2.383164693266735412e+00
2.407234826092917501e+00
2.431315597030788922e+00
2.455407112498050992e+00
2.479509478957879764e+00
2.503622802926201985e+00
2.527747190966238122e+00
2.551882749687138130e+00
2.576029585748983664e+00
2.600187805864152324e+00
2.624357516791405942e+00
2.648538825341802294e+00
2.672731838379149849e+00
2.696936662820007768e+00
2.721153405626409949e+00
2.745382173819052696e+00
2.769623074473201996e+00
2.793876214710962813e+00
2.818141701713102520e+00
2.842419642718141404e+00
2.866710145010074484e+00
2.891013315937016159e+00
2.915329262900286267e+00
2.939658093356229074e+00
2.963999914821670245e+00
2.988354834866186138e+00
3.012722961120744003e+00
3.037104401274064003e+00
3.061499263071254973e+00
3.085907654320180882e+00
3.110329682887368108e+00
3.134765456698460184e+00
3.159215083740946284e+00
3.183678672060977988e+00
3.208156329772918980e+00
3.232648165046612121e+00
3.257154286116019648e+00
3.281674801281496912e+00
3.306209818902516417e+00
3.330759447405853280e+00
3.355323795282856736e+00
3.379902971086721664e+00
3.404497083439309790e+00
3.429106241028875957e+00
3.453730552606884885e+00
3.478370126994377642e+00
3.503025073078333662e+00
3.527695499816672964e+00
3.552381516230980196e+00
3.577083231414235343e+00
3.601800754533542204e+00
3.626534194816031231e+00
3.651283661564775684e+00
3.676049264157427388e+00
3.700831112032119563e+00
3.725629314711568441e+00
3.750443981781245384e+00
3.775275222903928807e+00
3.800123147813337710e+00
3.824987866319133900e+00
3.849869488303738763e+00
3.874768123724152247e+00
3.899683882612862362e+00
3.924616875079664169e+00
3.949567211308476544e+00
3.974535001560070668e+00
3.999520356172070024e+00
4.024523385560769384e+00
4.049544200220225321e+00
4.074582910725439433e+00
4.099639627725082391e+00
4.124714461948315147e+00
4.149807524210700649e+00
4.174918925404199399e+00
4.200048776499443193e+00
4.225197188551646832e+00
4.250364272697879642e+00
4.275550140155246481e+00
4.300754902227254206e+00
4.325978670299718942e+00
4.351221555841220834e+00
4.376483670407196769e+00
4.401765125634028664e+00
4.427066033247683663e+00
4.452386505060076161e+00
4.477726652964065579e+00
4.503086588947098790e+00
4.528466425079386681e+00
4.553866273520270624e+00
4.579286246515948733e+00
4.604726456402659096e+00
4.630187015610317758e+00
4.655668036652059527e+00
4.681169632132423430e+00
4.706691914750990691e+00
4.732234997299201495e+00
4.757798992651714798e+00
4.783384013785507705e+00
4.808990173763959319e+00
4.834617585747764679e+00
4.860266362993115763e+00
4.885936618842151802e+00
4.911628466742058663e+00
4.937342020229152695e+00
4.963077392936611432e+00
4.988834698595383088e+00
5.014614051032822317e+00
5.040415564174509200e+00
5.066239352041066013e+00
5.092085528755433188e+00
5.117954208538776584e+00
5.143845505706849508e+00
5.169759534682270896e+00
5.195696409984066122e+00
5.221656246232214471e+00
5.247639158149468130e+00
5.273645260559533199e+00
5.299674668392526655e+00
5.325727496674971917e+00
5.351803860539803281e+00
5.377903875227730168e+00
5.404027656076323183e+00
5.430175318535475526e+00
5.456346978155579563e+00
5.482542750595257530e+00
5.508762751622271026e+00
5.535007097106699803e+00
5.561275903027762979e+00
5.587569285472454794e+00
5.613887360638727841e+00
5.640230244832764583e+00
5.666598054466248868e+00
5.692990906068189361e+00
5.719408916274005605e+00
5.745852201827347017e+00
5.772320879591006815e+00
5.798815066533734353e+00
5.825334879740694305e+00
5.851880436408919195e+00
5.878451853847764141e+00
5.905049249482090090e+00
5.931672740853628056e+00
5.958322445616431651e+00
5.984998481540969806e+00
6.011700966515491018e+00
6.038430018546023348e+00
6.065185755751826946e+00
6.091968296369941527e+00
6.118777758763371821e+00
6.145614261407899903e+00
6.172477922898906399e+00
6.199368861953189480e+00
6.226287197408510110e+00
6.253233048222227808e+00
6.280206533473574382e+00
6.307207772367291909e+00
6.334236884224992536e+00
6.361293988493343932e+00
6.388379204748162010e+00
6.415492652680768515e+00
6.442634452115726162e+00
6.469804722995377233e+00
6.497003585391667002e+00
6.524231159504324751e+00
6.551487565655406797e+00
6.578772924299300939e+00
6.606087356014995748e+00
6.633430981511082791e+00
6.660803921628485114e+00
6.688206297328179062e+00
6.715638229710748419e+00
6.743099840005470469e+00
6.770591249569406500e+00
6.798112579892858776e+00
6.825663952599370532e+00
6.853245489447090222e+00
6.880857312321495556e+00
6.908499543245397945e+00
6.936172304378033004e+00
6.963875718012332072e+00
6.991609906573103217e+00
7.019374992624761944e+00
7.047171098868147965e+00
7.074998348140979942e+00
7.102856863416945998e+00
7.130746767810251185e+00
7.158668184570615267e+00
7.186621237089639180e+00
7.214606048900350288e+00
7.242622743672200158e+00
7.270671445216521533e+00
7.298752277488802065e+00
7.326865364582772600e+00
7.355010830735864147e+00
7.383188800331481616e+00
7.411399397894911090e+00
7.439642748091046087e+00
7.467918975736665743e+00
7.496228205791794608e+00
7.524570563357883657e+00
7.552946173687359988e+00
7.581355162181353080e+00
7.609797654382418841e+00
7.638273775983179803e+00
7.666783652829963103e+00
7.695327410910977051e+00
7.723905176368589309e+00
7.752517075494779419e+00
7.781163234732048295e+00
7.809843780673418223e+00
7.838558840065616096e+00
7.867308539804980683e+00
7.896093006944738590e+00
7.924912368691821030e+00
7.953766752400042606e+00
7.982656285586926970e+00
8.011581095920973894e+00
8.040541311228025734e+00
8.069537059489903186e+00
8.098568468843950541e+00
8.127635667588947399e+00
8.156738784176013723e+00
8.185877947220888018e+00
8.215053285495287128e+00
8.244264927931908460e+00
8.273513003621246753e+00
8.302797641820234276e+00
8.332118971944510122e+00
8.361477123568874958e+00
8.390872226435021730e+00
8.420304410445169196e+00
8.449773805668428395e+00
8.479280542337164661e+00
8.508824750846997631e+00
8.538406561759074975e+00
8.568026105805074621e+00
8.597683513879928796e+00
8.627378917044097761e+00
8.657112446529481531e+00
8.686884233733962901e+00
8.716694410228683410e+00
8.746543107748493640e+00
8.776430458205140894e+00
8.806356593675445765e+00
8.836321646405849606e+00
8.866325748823783215e+00
8.896369033523114922e+00
8.926451633272790787e+00
8.956573681010922883e+00
8.986735309856157983e+00
9.016936653099492105e+00
9.047177844205180008e+00
9.077459016820739635e+00
9.107780304761490697e+00
9.138141842022832861e+00
9.168543762783883722e+00
9.198986201393836382e+00
9.229469292384237633e+00
9.259993170471716439e+00
9.290557970542067778e+00
9.321163827670261526e+00
9.351810877111347509e+00
9.382499254301364999e+00
9.413229094857342716e+00
9.444000534584120032e+00
9.474813709466616274e+00
9.505668755674832937e+00
9.536565809560670459e+00
9.567505007669296901e+00
9.598486486729598255e+00
9.629510383652814198e+00
9.660576835539814056e+00
9.691685979680642049e+00
9.722837953554972046e+00
9.754032894829833822e+00
9.785270941361886798e+00
9.816552231199239031e+00
9.847876902581901959e+00
9.879245093939061917e+00
9.910656943895446602e+00
9.942112591267687094e+00
9.973612175061589369e+00
1.000515583448441248e+01
1.003674370893486412e+01
1.006837593800219111e+01
1.010005266148164083e+01
1.013177401935763555e+01
1.016354015181423165e+01
1.019535119923284583e+01
1.022720730219089091e+01
1.025910860147314452e+01
1.029105523805765188e+01
1.032304735311936383e+01
1.035508508804105077e+01
1.038716858440511714e+01
1.041929798399633000e+01
1.045147342879954522e+01
1.048369506100698345e+01
1.051596302301413743e+01
1.054827745741704348e+01
1.058063850702274067e+01
1.061304631484290439e+01
1.064550102409293686e+01
1.067800277819742405e+01
1.071055172079013573e+01
1.074314799571220647e+01
1.077579174701304510e+01
1.080848311895306324e+01
1.084122225600049205e+01
1.087400930284275091e+01
1.090684440436780278e+01
1.093972770568279884e+01
1.097265935210771204e+01
1.100563948917124435e+01
1.103866826262310497e+01
1.107174581842718908e+01
1.110487230275793991e+01
1.113804786200535091e+01
1.117127264278178700e+01
1.120454679191880132e+01
1.123787045645985927e+01
1.127124378366897872e+01
1.130466692103073001e+01
1.133814001624841694e+01
1.137166321724816953e+01
1.140523667217939874e+01
1.143886052940615627e+01
1.147253493751986753e+01
1.150626004533933155e+01
1.154003600189980716e+01
1.157386295646620056e+01
1.160774105852806315e+01
1.164167045780004628e+01
1.167565130422281072e+01
1.170968374796393618e+01
1.174376793942383301e+01
1.177790402922528301e+01
1.181209216822526287e+01
1.184633250750903244e+01
1.188062519839104425e+01
1.191497039241903622e+01
1.194936824137084841e+01
1.198381889726033478e+01
1.201832251233145143e+01
1.205287923906325886e+01
1.208748923017037669e+01
1.212215263860207415e+01
1.215686961754363438e+01
1.219164032041680912e+01
1.222646490088027349e+01
1.226134351283235446e+01
1.229627631041194036e+01
1.233126344799211438e+01
1.236630508018788532e+01
1.240140136185800657e+01
1.243655244810133809e+01
1.247175849425775596e+01
1.250701965590997133e+01
1.254233608888625895e+01
1.257770794925681912e+01
1.261313539333605149e+01
1.264861857768892150e+01
1.268415765912368443e+01
1.271975279469415909e+01
1.275540414170245640e+01
1.279111185770034353e+01
1.282687610048833449e+01
1.286269702811841853e+01
1.289857479889087699e+01
1.293450957135428325e+01
1.297050150431368820e+01
1.300655075682925599e+01
1.304265748820716908e+01
1.307882185801099695e+01
1.311504402606169606e+01
1.315132415243078867e+01
1.318766239744854829e+01
1.322405892170445441e+01
1.326051388603900705e+01
1.329702745155645971e+01
1.333359977962027187e+01
1.337023103184947104e+01
1.340692137012683816e+01
1.344367095659345068e+01
1.348047995365595852e+01
1.351734852398294606e+01
1.355427683050038468e+01
1.359126503640709416e+01
1.362831330515928130e+01
1.366542180048327282e+01
1.370259068637005839e+01
1.373982012707438116e+01
1.377711028712474217e+01
1.381446133131430543e+01
1.385187342470544536e+01
1.388934673262792785e+01
1.392688142068709567e+01
1.396447765475841152e+01
1.400213560098654852e+01
1.403985542578993773e+01
1.407763729586076806e+01
1.411548137816589588e+01
1.415338783995048288e+01
1.419135684872435377e+01
1.422938857228564302e+01
1.426748317870806204e+01
1.430564083633453265e+01
1.434386171379264852e+01
1.438214597999285616e+01
1.442049380411845050e+01
1.445890535563830781e+01
1.449738080430506670e+01
1.453592032014603319e+01
1.457452407347500412e+01
1.461319223489317665e+01
1.465192497528551030e+01
1.469072246581526997e+01
1.472958487794130633e+01
1.476851238340532291e+01
1.480750515423733304e+01
1.484656336275293143e+01
1.488568718155784154e+01
1.492487678355155367e+01
1.496413234192186792e+01
1.500345403014853218e+01
1.504284202199960419e+01
1.508229649154236540e+01
1.512181761313513562e+01
1.516140556142454443e+01
1.520106051136917813e+01
1.524078263820683787e+01
1.528057211747363908e+01
1.532042912501947285e+01
1.536035383697435464e+01
1.540034642977389012e+01
1.544040708015836572e+01
1.548053596516092512e+01
1.552073326212303073e+01
1.556099914868627820e+01
1.560133380278875848e+01
1.564173740268415713e+01
1.568221012692447403e+01
1.572275215436366125e+01
1.576336366417035606e+01
1.580404483581605746e+01
1.584479584907603567e+01
1.588561688404024608e+01
1.592650812110878178e+01
1.596746974098277860e+01
1.600850192468533351e+01
1.604960485354968114e+01
1.609077870921464637e+01
1.613202367363646772e+01
1.617333992908515938e+01
1.621472765814905870e+01
1.625618704372845968e+01
1.629771826904288901e+01
1.633932151762928697e+01
1.638099697333655058e+01
1.642274482034190441e+01
1.646456524314180569e+01
1.650645842654193984e+01
1.654842455568177684e+01
1.659046381602092879e+01
1.663257639333551197e+01
1.667476247373542719e+01
1.671702224365071743e+01
1.675935588982974878e+01
1.680176359936012886e+01
1.684424555965233594e+01
1.688680195843971887e+01
1.692943298378850159e+01
1.697213882409869257e+01
1.701491966809498990e+01
1.705777570483132877e+01
1.710070712370452384e+01
1.714371411443698889e+01
1.718679686708583176e+01
1.722995557203921635e+01
1.727319042002727656e+01
1.731650160211847833e+01
1.735988930971143418e+01
1.740335373454490764e+01
1.744689506869963225e+01
1.749051350459649257e+01
1.753420923499288619e+01
1.757798245298818074e+01
1.762183335202644230e+01
1.766576212589734496e+01
1.770976896873435180e+01
1.775385407500652946e+01
1.779801763954037597e+01
1.784225985750344989e+01
1.788658092440982728e+01
1.793098103613010608e+01
1.797546038887412578e+01
1.802001917920551932e+01
1.806465760404171306e+01
1.810937586064937932e+01
1.815417414664716489e+01
1.819905266001023847e+01
1.824401159906483372e+01
1.828905116249643470e+01
1.833417154934613791e+01
1.837937295900974277e+01
1.842465559124138963e+01
1.847001964615537872e+01
1.851546532422798919e+01
1.856099282628747460e+01
1.860660235353861935e+01
1.865229410753818229e+01
1.869806829020035366e+01
1.874392510381858301e+01
1.878986475104647980e+01
1.883588743489781336e+01
1.888199335875651741e+01
1.892818272637487098e+01
1.897445574187986495e+01
1.902081260975683108e+01
1.906725353486581298e+01
1.911377872244247555e+01
1.916038837809082906e+01
1.920708270779141458e+01
1.925386191789675649e+01
1.930072621513136255e+01
1.934767580660081876e+01
1.939471089978997043e+01
1.944183170254927973e+01
1.948903842312483903e+01
1.953633127012744808e+01
1.958371045255807985e+01
1.963117617979514762e+01
1.967872866159814293e+01
1.972636810811400210e+01
1.977409472987710615e+01
1.982190873779200047e+01
1.986981034316431760e+01
1.991779975768440636e+01
1.996587719342551281e+01
2.001404286285469425e+01
2.006229697882281471e+01
2.011063975457909692e+01
2.015907140376111784e+01
2.020759214039480867e+01
2.025620217891082575e+01
2.030490173412636068e+01
2.035369102125332574e+01
2.040257025590108242e+01
2.045153965407916985e+01
2.050059943219912384e+01
2.054974980705810594e+01
2.059899099586891680e+01
2.064832321624089673e+01
2.069774668618083524e+01
2.074726162410297547e+01
2.079686824882264773e+01
2.084656677956445492e+01
2.089635743596045359e+01
2.094624043804196845e+01
2.099621600625232531e+01
2.104628436145139858e+01
2.109644572490014980e+01
2.114670031826517516e+01
2.119704836364235234e+01
2.124749008352864621e+01
2.129802570083575119e+01
2.134865543889009132e+01
2.139937952143736766e+01
2.145019817264437734e+01
2.150111161708173313e+01
2.155212007975296729e+01
2.160322378606997518e+01
2.165442296187575266e+01
2.170571783343348216e+01
2.175710862742107565e+01
2.180859557095118362e+01
2.186017889155118610e+01
2.191185881718047312e+01
2.196363557622680673e+01
2.201550939750177349e+01
2.206748051024896995e+01
2.211954914413763618e+01
2.217171552927175071e+01
2.222397989618639258e+01
2.227634247584956029e+01
2.232880349966308131e+01
2.238136319946534059e+01
2.243402180752855202e+01
2.248677955656057748e+01
2.253963667971584073e+01
2.259259341057349957e+01
2.264564998316564015e+01
2.269880663196545356e+01
2.275206359187632188e+01
2.280542109825819352e+01
2.285887938690393639e+01
2.291243869406116573e+01
2.296609925642405869e+01
2.301986131112698786e+01
2.307372509575725417e+01
2.312769084834781097e+01
2.318175880738817796e+01
2.323592921182262216e+01
2.329020230103196809e+01
2.334457831486633950e+01
2.339905749362333154e+01
2.345364007806074369e+01
2.350832630939567025e+01
2.356311642928721994e+01
2.361801067987289571e+01
2.367300930374585732e+01
2.372811254395219294e+01
2.378332064400274248e+01
2.383863384788037365e+01
2.389405240002815844e+01
2.394957654534391622e+01
2.400520652920567954e+01
2.406094259745896125e+01
2.411678499641038798e+01
2.417273397284043313e+01
2.422878977400250733e+01
2.428495264761386352e+01
2.434122284187469631e+01
2.439760060545540910e+01
2.445408618750570895e+01
2.451067983764005476e+01
2.456738180595857557e+01
2.462419234305252758e+01
2.468111169996791432e+01
2.473814012824732345e+01
2.479527787991628429e+01
2.485252520747508242e+01
2.490988236390967359e+01
2.496734960269986914e+01
2.502492717780660314e+01
2.508261534367466083e+01
2.514041435524086410e+01
2.519832446793225245e+01
2.525634593767063052e+01
2.531447902086438262e+01
2.537272397441029170e+01
2.543108105570991029e+01
2.548955052266046550e+01
2.554813263364940212e+01
2.560682764755983953e+01
2.566563582378421415e+01
2.572455742220518005e+01
2.578359270320834185e+01
2.584274192769044021e+01
2.590200535704025242e+01
2.596138325315587281e+01
2.602087587844744121e+01
2.608048349582350056e+01
2.614020636869736336e+01
2.620004476100075408e+01
2.625999893717835221e+01
2.632006916217869730e+01
2.638025570145964593e+01
2.644055882100747112e+01
2.650097878731048695e+01
2.656151586737450998e+01
2.662217032873832068e+01
2.668294243943546462e+01
2.674383246803427028e+01
2.680484068362966354e+01
2.686596735581952089e+01
2.692721275474377762e+01
2.698857715105532407e+01
2.705006081593728595e+01
2.711166402110029594e+01
2.717338703879067907e+01
2.723523014176498691e+01
2.729719360332364886e+01
2.735927769729914871e+01
2.742148269805966265e+01
2.748380888049632631e+01
2.754625652004415315e+01
2.760882589267657750e+01
2.767151727489726909e+01
2.773433094375286601e+01
2.779726717683752213e+01
2.786032625227471726e+01
2.792350844873999449e+01
2.798681404544458928e+01
2.805024332215725735e+01
2.811379655918244680e+01
2.817747403737394052e+01
2.824127603813849419e+01
2.830520284343310777e+01
2.836925473576957302e+01
2.843343199819355505e+01
2.849773491432824812e+01
2.856216376834345283e+01
2.862671884495921404e+01
2.869140042946673930e+01
2.875620880770657095e+01
2.882114426606767665e+01
2.888620709152928612e+01
2.895139757162178284e+01
2.901671599442397564e+01
2.908216264859765943e+01
2.914773782336851582e+01
2.921344180852793215e+01
2.927927489443209197e+01
2.934523737201379845e+01
2.941132953277883644e+01
2.947755166880324396e+01
2.954390407273149322e+01
2.961038703780013748e+01
2.967700085780506924e+01
2.974374582711971016e+01
2.981062224072047684e+01
2.987763039415040112e+01
2.994477058351367305e+01
3.001204310553293908e+01
3.007944825750473683e+01
3.014698633729767607e+01
3.021465764337699511e+01
3.028246247480092279e+01
3.035040113121795002e+01
3.041847391286046332e+01
3.048668112055929669e+01
3.055502305572827026e+01
3.062350002039238461e+01
3.069211231717872579e+01
3.076086024928099505e+01
3.082974412051862600e+01
3.089876423530859029e+01
3.096792089866175957e+01
3.103721441620200494e+01
3.110664509414800705e+01
3.117621323932780797e+01
3.124591915918881568e+01
3.131576316176597174e+01
3.138574555571813107e+01
3.145586665031805751e+01
3.152612675544241938e+01
3.159652618158997939e+01
3.166706523986340471e+01
3.173774424199928035e+01
3.180856350034537172e+01
3.187952332785516774e+01
3.195062403812880802e+01
3.202186594537124620e+01
3.209324936441680620e+01
3.216477461072645383e+01
3.223644200037961127e+01
3.230825185010144196e+01
3.238020447722919926e+01
3.245230019973405433e+01
3.252453933623201010e+01
3.259692220595661638e+01
3.266944912879080221e+01
3.274212042524231947e+01
3.281493641645829484e+01
3.288789742423614371e+01
3.296100377100810874e+01
3.303425577984307893e+01
3.310765377445932245e+01
3.318119807921175379e+01
3.325488901911739958e+01
3.332872691983902769e+01
3.340271210767423327e+01
3.347684490957726666e+01
3.355112565315903339e+01
3.362555466669255111e+01
3.370013227908748377e+01
3.377485881991742644e+01
3.384973461941626738e+01
3.392476000848546391e+01
3.399993531867585261e+01
3.407526088219492522e+01
3.415073703193593246e+01
3.422636410143422836e+01
3.430214242490728793e+01
3.437807233724015532e+01
3.445415417397634883e+01
3.453038827134332678e+01
3.460677496623793559e+01
3.468331459622822877e+01
3.476000749955528590e+01
3.483685401515140256e+01
3.491385448261280544e+01
3.499100924222148024e+01
3.506831863494880963e+01
3.514578300242828846e+01
3.522340268700099841e+01
3.530117803169378021e+01
3.537910938020286267e+01
3.545719707692114753e+01
3.553544146694366646e+01
3.561384289604575315e+01
3.569240171070669021e+01
3.577111825808788126e+01
3.584999288605649781e+01
3.592902594318366027e+01
3.600821777872988605e+01
3.608756874266327941e+01
3.616707918564316060e+01
3.624674945905644563e+01
3.632657991498308547e+01
3.640657090621243697e+01
3.648672278623052989e+01
3.656703590925644676e+01
3.664751063021867594e+01
3.672814730474055978e+01
3.680894628917121736e+01
3.688990794058918254e+01
3.697103261678239505e+01
3.705232067625911441e+01
3.713377247823700600e+01
3.721538838268315885e+01
3.729716875027224887e+01
3.737911394240836671e+01
3.746122432123775070e+01
3.754350024960331211e+01
3.762594209111011878e+01
3.770855021009083430e+01
3.779132497160935600e+01
3.787426674146809091e+01
3.795737588619886083e+01
3.804065277307927317e+01
3.812409777013090206e+01
3.820771124611383129e+01
3.829149357053938729e+01
3.837544511365740618e+01
3.845956624647078570e+01
3.854385734072820924e+01
3.862831876892960281e+01
3.871295090433523001e+01
3.879775412093476916e+01
3.888272879351097799e+01
3.896787529759239987e+01
3.905319400944063091e+01
3.913868530610488961e+01
3.922434956539837003e+01
3.931018716588005191e+01
3.939619848689108039e+01
3.948238390853475721e+01
3.956874381168199761e+01
3.965527857798042533e+01
3.974198858984345861e+01
3.982887423045212927e+01
3.991593588379146240e+01
4.000317393460136373e+01
4.009058876840208541e+01
4.017818077149058809e+01
4.026595033097328269e+01
4.035389783472601266e+01
4.044202367138495902e+01
4.053032823041576194e+01
4.061881190205167513e+01
4.070747507732266968e+01
4.079631814804997703e+01
4.088534150684972701e+01
4.097454554713840480e+01
4.106393066313285090e+01
4.115349724983934721e+01
4.124324570306634996e+01
4.133317641945359355e+01
4.142328979640478792e+01
4.151358623215674015e+01
4.160406612575752661e+01
4.169472987704830302e+01
4.178557788669604633e+01
4.187661055617900274e+01
4.196782828778850671e+01
4.205923148464535188e+01
4.215082055066886824e+01
4.224259589061330189e+01
4.233455791006053914e+01
4.242670701540919254e+01
4.251904361388733378e+01
4.261156811354521778e+01
4.270428092327347258e+01
4.279718245280128031e+01
4.289027311265817843e+01
4.298355331424863834e+01
4.307702346980295260e+01
4.317068399237723497e+01
4.326453529587888625e+01
4.335857779505568033e+01
4.345281190551395412e+01
4.354723804368222773e+01
4.364185662685667921e+01
4.373666807318113570e+01
4.383167280163797841e+01
4.392687123208997946e+01
4.402226378523300809e+01
4.411785088262695353e+01
4.421363294668481103e+01
4.430961040069996670e+01
4.440578366882255068e+01
4.450215317604670417e+01
4.459871934826333018e+01
4.469548261222553265e+01
4.479244339553406462e+01
4.488960212669189787e+01
4.498695923506238614e+01
4.503568743727460344e+01
