-6.278398396643751767e+01
-6.337000755593726353e+01
-6.453856572358745325e+01
-6.570005964503252471e+01
-6.685431758449885820e+01
-6.800116924216490588e+01
-6.914044578124412510e+01
-7.027197985512430023e+01
-7.139560563407940208e+01
-7.251115883150851005e+01
-7.361847673023839889e+01
-7.471739820839138702e+01
-7.580776376476933365e+01
-7.688941554427856317e+01
-7.796219736288639979e+01
-7.902595473215478705e+01
-8.008053488369296247e+01
-8.112578679325270059e+01
-8.216156120427149290e+01
-8.318771065143755550e+01
-8.420408948376461922e+01
-8.521055388721470081e+01
-8.620696190726721397e+01
-8.719317347101969062e+01
-8.816905040876645216e+01
-8.913445647561820806e+01
-9.008925737251956889e+01
-9.103332076686456276e+01
-9.196651631300028384e+01
-9.288871567224941828e+01
-9.379979253243618587e+01
-9.469962262735134573e+01
-9.558808375566604809e+01
-9.646505579938275332e+01
-9.733042074219065398e+01
-9.818406268728631403e+01
-9.902586787471773278e+01
-9.985572469859380362e+01
-1.006735237238135596e+02
-1.014791577022224374e+02
-1.022725215887185186e+02
-1.030535125568057992e+02
-1.038220300136063088e+02
-1.045779756147794615e+02
-1.053212532789011675e+02
-1.060517692013054329e+02
-1.067694318678331911e+02
-1.074741520679881432e+02
-1.081658429075805543e+02
-1.088444198212782794e+02
-1.095098005845611624e+02
-1.101619053251397418e+02
-1.108006565342575414e+02
-1.114259790774485737e+02
-1.120378002047154951e+02
-1.126360495606104450e+02
-1.132206591937156190e+02
-1.137915635656027007e+02
-1.143486995596358611e+02
-1.148920064892463415e+02
-1.154214261055967654e+02
-1.159369026051135734e+02
-1.164383826365183268e+02
-1.169258153072223649e+02
-1.173991521896168706e+02
-1.178583473267553927e+02
-1.183033572375543372e+02
-1.187341409217533510e+02
-1.191506598643381949e+02
-1.195528780394533896e+02
-1.199407619140874885e+02
-1.203142804512235671e+02
-1.206734051124303733e+02
-1.210181098602897691e+02
-1.213483711602530093e+02
-1.216641679819495039e+02
-1.219654818003236869e+02
-1.222522965961970840e+02
-1.225245988562928687e+02
-1.227823775730794296e+02
-1.230256242440800634e+02
-1.232543328705678505e+02
-1.234684999561623044e+02
-1.236681245048021083e+02
-1.238532080182258142e+02
-1.240237544932333549e+02
-1.241797704184200484e+02
-1.243212647703476250e+02
-1.244482490095524554e+02
-1.245607370760271806e+02
-1.246587453840506896e+02
-1.247422928170262821e+02
-1.248114007215990569e+02
-1.248660929013444729e+02
-1.249063956102418160e+02
-1.249323375455924179e+02
-1.249439498404867663e+02
-1.249412660559391952e+02
-1.249243221726787851e+02
-1.248931565822808807e+02
-1.248478100781740068e+02
-1.247883258461224614e+02
-1.247147494541713968e+02
-1.246271288424459271e+02
-1.245255143123558810e+02
-1.244099585154949636e+02
-1.242805164420819892e+02
-1.241372454090560495e+02
-1.239802050477296689e+02
-1.238094572911277282e+02
-1.236250663608966534e+02
-1.234270987537297515e+02
-1.232156232276488481e+02
-1.229907107876188093e+02
-1.227524346710133614e+02
-1.225008703326111572e+02
-1.222360954291812050e+02
-1.219581898037449719e+02
-1.216672354695178910e+02
-1.213633165933947566e+02
-1.210465194791077010e+02
-1.207169325501131425e+02
-1.203746463318805127e+02
-1.200197534341514256e+02
-1.196523485326354148e+02
-1.192725283503925766e+02
-1.188803916388897051e+02
-1.184760391587597042e+02
-1.180595736601935641e+02
-1.176310998629214737e+02
-1.171907244360415916e+02
-1.167385559773135810e+02
-1.162747049923218583e+02
-1.157992838732095606e+02
-1.153124068770964641e+02
-1.148141901042376958e+02
-1.143047514758534362e+02
-1.137842107116437091e+02
-1.132526893070255483e+02
-1.127103105101052734e+02
-1.121571992981951098e+02
-1.115934823542939967e+02
-1.110192880431243339e+02
-1.104347463868799650e+02
-1.098399890407945350e+02
-1.092351492683812921e+02
-1.086203619164006113e+02
-1.079957633895652407e+02
-1.073614916250739952e+02
-1.067176860667355527e+02
-1.060644876389822002e+02
-1.054020387206045939e+02
-1.047304831181672000e+02
-1.040499660393163310e+02
-1.033606340657846090e+02
-1.026626351261486292e+02
-1.019561184684221473e+02
-1.012412346324384345e+02
-1.005181354219222101e+02
-9.978697387649765460e+01
-9.904790424339684307e+01
-9.830108194897299256e+01
-9.754666357010250977e+01
-9.678480680529361280e+01
-9.601567044568446363e+01
-9.523941434586350852e+01
-9.445619939448903324e+01
-9.366618748471847766e+01
-9.286954148455777158e+01
-9.206642520699278975e+01
-9.125700337996863709e+01
-9.044144161626775258e+01
-8.961990638317524827e+01
-8.879256497206665699e+01
-8.795958546788108379e+01
-8.712113671840631923e+01
-8.627738830344583221e+01
-8.542851050395358925e+01
-8.457467427098208645e+01
-8.371605119452749477e+01
-8.285281347233183169e+01
-8.198513387853404311e+01
-8.111318573225958062e+01
-8.023714286612357682e+01
-7.935717959466569482e+01
-7.847347068268595649e+01
-7.758619131353907505e+01
-7.669551705736967051e+01
-7.580162383926199254e+01
-7.490468790737281779e+01
-7.400488580100341096e+01
-7.310239431863419668e+01
-7.219739048591918618e+01
-7.129005152366403308e+01
-7.038055481577907813e+01
-6.946907787720670058e+01
-6.855579832183479994e+01
-6.764089383041618930e+01
-6.672454211848821615e+01
-6.580692090427260155e+01
-6.488820787661461509e+01
-6.396858066291611067e+01
-6.304821679709993987e+01
-6.212729368761074511e+01
-6.120598858541393383e+01
-6.028447855205877204e+01
-5.936294042779627489e+01
-5.844155079970528277e+01
-5.752048596989493490e+01
-5.659992192379218068e+01
-5.568003429843452068e+01
-5.476099835086779422e+01
-5.384298892663946390e+01
-5.292618042833146319e+01
-5.201074678418672192e+01
-5.109686141686506744e+01
-5.018469721224391833e+01
-4.927442648833130079e+01
-4.836622096434803098e+01
-4.746025172982945151e+01
-4.655668921388723902e+01
-4.565570315462628059e+01
-4.475746256864158568e+01
-4.386213572064707478e+01
-4.296989009330991394e+01
-4.208089235712759546e+01
-4.119530834052466162e+01
-4.031330300011723011e+01
-3.943504039105118864e+01
-3.856068363758367923e+01
-3.769039490383420343e+01
-3.682433536463850032e+01
-3.596266517662115803e+01
-3.510554344953470718e+01
-3.425312821761826854e+01
-3.340557641127406896e+01
-3.256304382895314120e+01
-3.172568510912560669e+01
-3.089365370260429700e+01
-3.006710184497114824e+01
-2.924618052925916345e+01
-2.843103947890813288e+01
-2.762182712085586900e+01
-2.681869055887864306e+01
-2.602177554727677489e+01
-2.523122646465753860e+01
-2.444718628801729210e+01
-2.366979656709872870e+01
-2.289919739899460183e+01
-2.213552740298700883e+01
-2.137892369561359374e+01
-2.062952186613983940e+01
-1.988745595212049011e+01
-1.915285841535524014e+01
-1.842586011813364166e+01
-1.770659029963917419e+01
-1.699517655278486927e+01
-1.629174480129813674e+01
-1.559641927700977249e+01
-1.490932249754359873e+01
-1.423057524435580490e+01
-1.356029654087751624e+01
-1.289860363116440567e+01
-1.224561195882188258e+01
-1.160143514614037485e+01
-1.096618497371446210e+01
-1.033997136023481289e+01
-9.722902342664838216e+00
-9.115084056877094554e+00
-8.516620718401100021e+00
-7.927614603587244346e+00
-7.348166031261825992e+00
-6.778373344536703371e+00
-6.218332892995022121e+00
-5.668139015393535374e+00
-5.127884022483158333e+00
-4.597658180302914843e+00
-4.077549693947730702e+00
-3.567644691458099260e+00
-3.068027208204966882e+00
-2.578779171728001529e+00
-2.099980386798506515e+00
-1.631708520849770139e+00
-1.174039089988582418e+00
-7.270454451240766502e-01
-2.907987585649607354e-01
1.346319887916251901e-01
5.491800202121339680e-01
9.527807753856905038e-01
1.345371922085178085e+00
1.726893367708271398e+00
2.097287270338256349e+00
2.456498049287347385e+00
2.804472395459924883e+00
3.141159281151885807e+00
3.466509969414801162e+00
3.780478023244086216e+00
4.083019314153261803e+00
4.374092030326664826e+00
4.653656684592533566e+00
4.921676121736709320e+00
5.178115525485736725e+00
5.422942425223936880e+00
5.656126702072924672e+00
5.877640594623244397e+00
6.087458704401797149e+00
6.285558000763558084e+00
6.471917825308082683e+00
6.646519896135032468e+00
6.809348311471694615e+00
6.960389552807100699e+00
7.099632487933831726e+00
7.227068373317706573e+00
7.342690855927230587e+00
7.446495975021207414e+00
7.538482163254684565e+00
7.618650247300593037e+00
7.687003448305404163e+00
7.743547381730877532e+00
7.788290056719688437e+00
7.821241875285068090e+00
7.842415630934283399e+00
7.851826506671841344e+00
7.849492072970406298e+00
7.835432285110982775e+00
7.809669479969215899e+00
7.772228372686640796e+00
7.723136052713016397e+00
7.662421979362534330e+00
7.590117977235422586e+00
7.506258231029278249e+00
7.410879279760138161e+00
7.304020010943531815e+00
7.185721654204826336e+00
7.056027774256108387e+00
6.914984263792121055e+00
6.762639335821859277e+00
6.599043515445373487e+00
6.424249631558268447e+00
6.238312807918191538e+00
6.041290453686542605e+00
5.833242253831031121e+00
5.614230159082126193e+00
5.384318375274688151e+00
5.143573352452676772e+00
4.892063773679183214e+00
4.629860543075210444e+00
4.357036773881191039e+00
4.073667776000547747e+00
3.779831042858859291e+00
3.475606238264390413e+00
3.161075182777949522e+00
2.836321839504762465e+00
2.501432299687166960e+00
2.156494767965796200e+00
1.801599546971374366e+00
1.436839021885134571e+00
1.062307644512202387e+00
6.781019167310660123e-01
2.843203739666932961e-01
-1.189364318934167386e-01
-5.315659500543006288e-01
-9.534636484809198009e-01
-1.384523032069409965e+00
-1.824635661305819667e+00
-2.273691170975325804e+00
-2.731577289334836678e+00
-3.198179857856757735e+00
-3.673382851003680116e+00
-4.157068396433714952e+00
-4.649116795707413985e+00
-5.149406545067449770e+00
-5.657814356706239778e+00
-6.174215180419196258e+00
-6.698482225390762324e+00
-7.230486982364709547e+00
-7.770099246294648765e+00
-8.317187139100042259e+00
-8.871617132745541312e+00
-9.433254072810086654e+00
-1.000196120211467132e+01
-1.057760018477711128e+01
-1.116003113066017249e+01
-1.174911261982106225e+01
-1.234470172743885996e+01
-1.294665404914576357e+01
-1.355482372633423438e+01
-1.416906347187978099e+01
-1.478922459625846386e+01
-1.541515703368531831e+01
-1.604670936862521557e+01
-1.668372886274164557e+01
-1.732606148168952132e+01
-1.797355192244185673e+01
-1.862604364095750498e+01
-1.928337887970337761e+01
-1.994539869572327007e+01
-2.061194298891405197e+01
-2.128285053029867413e+01
-2.195795899073209512e+01
-2.263710496987778242e+01
-2.332012402505642967e+01
-2.400685070059716963e+01
-2.469711855743025808e+01
-2.539076020255197363e+01
-2.608760731894290075e+01
-2.678749069566856633e+01
-2.749024025798144066e+01
-2.819568509771534082e+01
-2.890365350397451039e+01
-2.961397299367945379e+01
-3.032647034243382222e+01
-3.104097161574918573e+01
-3.175730220003151771e+01
-3.247528683390692095e+01
-3.319474963980746907e+01
-3.391551415543835901e+01
-3.463740336548471532e+01
-3.536023973356122951e+01
-3.608384523407630695e+01
-3.680804138425401106e+01
-3.753264927643567717e+01
-3.825748961024191885e+01
-3.898238272496701029e+01
-3.970714863204193534e+01
-4.043160704755246115e+01
-4.115557742486316783e+01
-4.187887898734561531e+01
-4.260133076110014372e+01
-4.332275160771359879e+01
-4.404296025727762753e+01
-4.476177534120597556e+01
-4.547901542520548901e+01
-4.619449904238626914e+01
-4.690804472622130561e+01
-4.761947104360660887e+01
-4.832859662805913104e+01
-4.903524021276280109e+01
-4.973922066366685613e+01
-5.044035701274015082e+01
-5.113846849100309555e+01
-5.183337456165781987e+01
-5.252489495331610669e+01
-5.321284969301086676e+01
-5.389705913927491565e+01
-5.457734401527750379e+01
-5.525352544179850156e+01
-5.592542497019758230e+01
-5.659286461542569668e+01
-5.725566688887420241e+01
-5.791365483117760959e+01
-5.856665204509135947e+01
-5.921448272812904179e+01
-5.985697170521598309e+01
-6.049394446130281722e+01
-6.112522717376486980e+01
-6.175064674485292926e+01
-6.237003083402305492e+01
-6.298320789006356790e+01
-6.359000718320112355e+01
-6.419025883716494718e+01
-6.478379386097913084e+01
-6.537044418073037377e+01
-6.595004267121657904e+01
-6.652242318740172777e+01
-6.708742059578980843e+01
-6.764487080564595090e+01
-6.819461080006294651e+01
-6.873647866680039442e+01
-6.927031362913658086e+01
-6.979595607641749666e+01
-7.031324759442759387e+01
-7.082203099571506755e+01
-7.132215034957698663e+01
-7.181345101198985503e+01
-7.229577965531552763e+01
-7.276898429771790688e+01
-7.323291433253234572e+01
-7.368742055731672735e+01
-7.413235520270518464e+01
-7.456757196115631814e+01
-7.499292601533943525e+01
-7.540827406631706253e+01
-7.581347436157830089e+01
-7.620838672282661719e+01
-7.659287257340747601e+01
-7.696679496563956491e+01
-7.733001860779495473e+01
-7.768240989087280468e+01
-7.802383691515660757e+01
-7.835416951638308092e+01
-7.867327929176008183e+01
-7.898103962561981461e+01
-7.927732571492288116e+01
-7.956201459434578283e+01
-7.983498516114195809e+01
-8.009611819971541991e+01
-8.034529640589425981e+01
-8.058240441091948014e+01
-8.080732880508003291e+01
-8.101995816112412285e+01
-8.122018305723031517e+01
-8.140789609983767150e+01
-8.158299194603205251e+01
-8.174536732557862706e+01
-8.189492106273792160e+01
-8.203155409770806727e+01
-8.215516950770961557e+01
-8.226567252774293593e+01
-8.236297057097635843e+01
-8.244697324883418332e+01
-8.251759239075272490e+01
-8.257474206351071189e+01
-8.261833859021680837e+01
-8.264830056894879817e+01
-8.266454889109991200e+01
-8.266700675925312680e+01
-8.265559970473350404e+01
-8.263025560473761288e+01
-8.259090469916009170e+01
-8.253747960703367426e+01
-8.246991534251174016e+01
-8.238814933050252876e+01
-8.229212142195956403e+01
-8.218177390872915566e+01
-8.205705153799863183e+01
-8.191790152638441214e+01
-8.176427357356169523e+01
-8.159611987557400425e+01
-8.141339513766070013e+01
-8.121605658672979189e+01
-8.100406398338145664e+01
-8.077737963349591155e+01
-8.053596839949386776e+01
-8.027979771116406482e+01
-8.000883757593874179e+01
-7.972306058890717395e+01
-7.942244194232898735e+01
-7.910695943473911029e+01
-7.877659347961525782e+01
-7.843132711364523857e+01
-7.807114600453223829e+01
-7.769603845829351485e+01
-7.730599542635172838e+01
-7.690101051195688342e+01
-7.648107997626902943e+01
-7.604620274398985202e+01
-7.559638040856680163e+01
-7.513161723693792737e+01
-7.465192017386652878e+01
-7.415729884576103359e+01
-7.364776556411743513e+01
-7.312333532852881035e+01
-7.258402582912003709e+01
-7.202985744876059471e+01
-7.146085326457796327e+01
-7.087703904917088948e+01
-7.027844327142611291e+01
-6.966509709668844152e+01
-6.903703438662250846e+01
-6.839429169863888092e+01
-6.773690828478993353e+01
-6.706492609028100560e+01
-6.637838975144040887e+01
-6.567734659330562863e+01
-6.496184662681480404e+01
-6.423194254539521353e+01
-6.348768972123798449e+01
-6.272914620103983907e+01
-6.195637270130100660e+01
-6.116943260323387221e+01
-6.036839194717504142e+01
-5.955331942650445853e+01
-5.872428638117889932e+01
-5.788136679084709613e+01
-5.702463726743371808e+01
-5.615417704726314696e+01
-5.527006798283582611e+01
-5.437239453414804302e+01
-5.346124375941690232e+01
-5.253670530557246821e+01
-5.159887139816601120e+01
-5.064783683083442156e+01
-4.968369895443538553e+01
-4.870655766567506362e+01
-4.771651539524464170e+01
-4.671367709557853232e+01
-4.569815022825969208e+01
-4.467004475084468140e+01
-4.362947310330855544e+01
-4.257655019408412045e+01
-4.151139338569737447e+01
-4.043412247995911457e+01
-3.934485970262539922e+01
-3.824372968781790405e+01
-3.713085946197134035e+01
-3.600637842715332226e+01
-3.487041834434239718e+01
-3.372311331604942097e+01
-3.256459976849873783e+01
-3.139501643357107241e+01
-3.021450433022801008e+01
-2.902320674550355761e+01
-2.782126921526651131e+01
-2.660883950442621426e+01
-2.538606758668174734e+01
-2.415310562416198081e+01
-2.291010794640169479e+01
-2.165723102904485131e+01
-2.039463347223500023e+01
-1.912247597844179836e+01
-1.784092133002741321e+01
-1.655013436655099213e+01
-1.525028196150196891e+01
-1.394153299870049523e+01
-1.262405834848141239e+01
-1.129803084339255292e+01
-9.963625253574718954e+00
-8.621018261748758960e+00
-7.270388437966175843e+00
-5.911916213861331926e+00
-4.545783856709022075e+00
-3.172175443103697035e+00
-1.791276832147559617e+00
-4.032756385586253600e-01
9.916387946068425663e-01
2.393275423732120544e+00
3.801441532559692860e+00
5.215942760391044430e+00
6.636583130779399653e+00
8.063165080358885461e+00
9.495489488019302371e+00
1.093335570443014149e+01
1.237656158180834609e+01
1.382490350389525702e+01
1.527817641640467627e+01
1.673617385758007003e+01
1.819868798903371498e+01
1.966550962704604899e+01
2.113642827380135714e+01
2.261123214915824065e+01
2.408970822264018352e+01
2.557164224541156727e+01
2.705681878287941799e+01
2.854502124730242940e+01
3.003603193061826460e+01
3.152963203760191391e+01
3.302560171920413268e+01
3.452372010612270969e+01
3.602376534248469397e+01
3.752551461998154991e+01
3.902874421189517307e+01
4.053322950751135068e+01
4.203874504674968193e+01
4.354506455485352490e+01
4.505196097733823990e+01
4.655920651513042685e+01
4.806657265974718030e+01
4.957383022883186641e+01
5.108074940183178114e+01
5.258709975552483229e+01
5.409265030008828035e+01
5.559716951513291860e+01
5.710042538587003946e+01
5.860218543935843627e+01
6.010221678104790044e+01
6.160028613129179575e+01
6.309615986191965931e+01
6.458960403327182576e+01
6.608038443078658020e+01
6.756826660213482683e+01
6.905301589435111964e+01
7.053439749083372590e+01
7.201217644864664180e+01
7.348611773585980700e+01
7.495598626892206084e+01
7.642154694996497710e+01
7.788256470453234215e+01
7.933880451889126562e+01
8.079003147773983073e+01
8.223601080185108003e+01
8.367650788563332753e+01
8.511128833487782686e+01
8.654011800444732216e+01
8.796276303595095669e+01
8.937898989551285922e+01
9.078856541158620530e+01
9.219125681244531734e+01
9.358683176406884741e+01
9.497505840778649144e+01
9.635570539800573897e+01
9.772854193976036186e+01
9.909333782638532284e+01
1.004498634770989156e+02
1.017978899744357477e+02
1.031371891018725364e+02
1.044675333811246674e+02
1.057886961094764047e+02
1.071004513972193308e+02
1.084025742047178937e+02
1.096948403795177001e+02
1.109770266935220207e+02
1.122489108798017696e+02
1.135102716694891569e+02
1.147608888285367357e+02
1.160005431942699943e+02
1.172290167119808757e+02
1.184460924712566339e+02
1.196515547422832242e+02
1.208451890119004020e+02
1.220267820196249886e+02
1.231961217934840533e+02
1.243529976856498251e+02
1.254972004080755141e+02
1.266285220677027610e+02
1.277467562017109231e+02
1.288516978126090180e+02
1.299431434029638694e+02
1.310208910100436697e+02
1.320847402403633168e+02
1.331344923038404886e+02
1.341699500478571281e+02
1.351909179911981482e+02
1.361972023575517596e+02
1.371886111089570477e+02
1.381649539790096242e+02
1.391260425058117107e+02
1.400716900646293652e+02
1.410017119004096458e+02
1.419159251599749041e+02
1.428141489239815201e+02
1.436962042387358451e+02
1.445619141474462594e+02
1.454111037215579927e+02
1.462436000916559351e+02
1.470592324779845512e+02
1.478578322208768441e+02
1.486392328107986032e+02
1.494032699180124837e+02
1.501497814221947920e+02
1.508786074415693292e+02
1.515895903615582938e+02
1.522825748635386844e+02
1.529574079529702431e+02
1.536139389873351320e+02
1.542520197036037644e+02
1.548715042455687581e+02
1.554722491906909454e+02
1.560541135766188745e+02
1.566169589275896215e+02
1.571606492800133310e+02
1.576850512080864064e+02
1.581900338490913782e+02
1.586754689279518971e+02
1.591412307817081455e+02
1.595871963837030307e+02
1.600132453670321411e+02
1.604192600479427711e+02
1.608051254488009363e+02
1.611707293204485723e+02
1.615159621643983883e+02
1.618407172546635593e+02
1.621448906589394028e+02
1.624283812595272138e+02
1.626910907739816139e+02
1.629329237750685024e+02
1.631537877106015912e+02
1.633535929226177359e+02
1.635322526661748270e+02
1.636896831279827893e+02
1.638258034442587814e+02
1.639405357183163687e+02
1.640338050376824413e+02
1.641055394909060396e+02
1.641556701837112087e+02
1.641841312548210681e+02
1.641908598914583308e+02
1.641757963440861658e+02
1.641388839409694356e+02
1.640800691022855062e+02
1.639993013535474802e+02
1.638965333387302508e+02
1.637717208329761434e+02
1.636248227547066563e+02
1.634558011774001898e+02
1.632646213408168023e+02
1.630512516616829544e+02
1.628156637441068142e+02
1.625578323893868173e+02
1.622777356052847608e+02
1.619753546149586327e+02
1.616506738653462207e+02
1.613036810350084806e+02
1.609343670416403143e+02
1.605427260489855144e+02
1.601287554732065246e+02
1.596924559889480406e+02
1.592338315347569164e+02
1.587528893180499097e+02
1.582496398196167604e+02
1.577240967976602519e+02
1.571762772911218349e+02
1.566062016229354299e+02
1.560138934023765387e+02
1.553993795269561247e+02
1.547626901842380676e+02
1.541038588526342892e+02
1.534229223019257233e+02
1.527199205932688528e+02
1.519948970788008182e+02
1.512478984005564371e+02
1.504789744890061911e+02
1.496881785610524958e+02
1.488755671174851614e+02
1.480411999400898821e+02
1.471851400881005247e+02
1.463074538941473293e+02
1.454082109597522958e+02
1.444874841504315555e+02
1.435453495900303551e+02
1.425818866548595452e+02
1.415971779671090189e+02
1.405913093878118616e+02
1.395643700093996813e+02
1.385164521476779100e+02
1.374476513333640924e+02
1.363580663029397329e+02
1.352477989893218364e+02
1.341169545117804773e+02
1.329656411654818839e+02
1.317939704105033343e+02
1.306020568603098582e+02
1.293900182699312609e+02
1.281579755234010918e+02
1.269060526208340889e+02
1.256343766650138605e+02
1.243430778475226361e+02
1.230322894342943982e+02
1.217021477507728378e+02
1.203527921666268412e+02
1.189843650797806731e+02
1.175970119002381580e+02
1.161908810333061410e+02
1.147661238622886231e+02
1.133228947308043644e+02
1.118613509246251851e+02
1.103816526529722069e+02
1.088839630295506140e+02
1.073684480528695531e+02
1.058352765861800435e+02
1.042846203371937008e+02
1.027166538370129274e+02
1.011315544187832529e+02
9.952950219589320113e+01
9.791068003973896339e+01
9.627527355696793165e+01
9.462347106645529493e+01
9.295546357563353013e+01
9.127144475645354760e+01
8.957161092118667511e+01
8.785616099737308105e+01
8.612529650259148184e+01
8.437922151886459687e+01
8.261814266648525518e+01
8.084226907752326952e+01
7.905181236895987240e+01
7.724698661535694555e+01
7.542800832111788623e+01
7.359509639242605772e+01
7.174847210877851467e+01
6.988835909403223923e+01
6.801498328721390862e+01
6.612857291285581596e+01
6.422935845096162666e+01
6.231757260669655807e+01
6.039345027955187106e+01
5.845722853230654437e+01
5.650914655956057686e+01
5.454944565592268191e+01
5.257836918378234259e+01
5.059616254088450660e+01
4.860307312750410347e+01
4.659935031316763343e+01
4.458524540325379348e+01
4.256101160510297632e+01
4.052690399390667153e+01
3.848317947824489238e+01
3.643009676529163698e+01
3.436791632578388089e+01
3.229690035861312936e+01
3.021731275514866866e+01
2.812941906334435771e+01
2.603348645145251794e+01
2.392978367150408303e+01
2.181858102254227560e+01
1.970015031357888802e+01
1.757476482624861092e+01
1.544269927720233682e+01
1.330422978038586734e+01
1.115963380887842504e+01
9.009190156549266248e+00
6.853178899639715382e+00
4.691881357886813930e+00
2.525580055515092681e+00
3.545586821064716787e-01
-1.820897946901823161e+00
-4.000503929849401175e+00
-6.183972318628548237e+00
-8.371015158796581090e+00
-1.056134352974368085e+01
-1.275466758507263876e+01
-1.495069659323598898e+01
-1.714913897825317690e+01
-1.934970236058688897e+01
-2.155209359827949811e+01
-2.375601882818409649e+01
-2.596118350720826129e+01
-2.816729245396345505e+01
-3.037404989038350323e+01
-3.258115948344584467e+01
-3.478832438708650443e+01
-3.699524728424876230e+01
-3.920163042894182581e+01
-4.140717568847503571e+01
-4.361158458589579823e+01
-4.581455834218104428e+01
-4.801579791889435000e+01
-5.021500406074756029e+01
-5.241187733817878325e+01
-5.460611819009864121e+01
-5.679742696667744895e+01
-5.898550397211238305e+01
-6.117004950751379511e+01
-6.335076391391794459e+01
-6.552734761501415051e+01
-6.769950116028394405e+01
-6.986692526796014135e+01
-7.202932086797136435e+01
-7.418638914500297687e+01
-7.633783158147343784e+01
-7.848335000054248667e+01
-8.062264660913115222e+01
-8.275542404094812809e+01
-8.488138539924966608e+01
-8.700023429996326740e+01
-8.911167491449032241e+01
-9.121541201253330655e+01
-9.331115100489387260e+01
-9.539859798621728260e+01
-9.747745977761906033e+01
-9.954744396932073869e+01
-1.016082589632565032e+02
-1.036596140152669250e+02
-1.057012192776860502e+02
-1.077327858415346782e+02
-1.097540257786231450e+02
-1.117646521836318243e+02
-1.137643792160392877e+02
-1.157529221418963061e+02
-1.177299973755793872e+02
-1.196953225213851510e+02
-1.216486164146876945e+02
-1.235895991635015889e+02
-1.255179921894559811e+02
-1.274335182687286760e+02
-1.293359015728992745e+02
-1.312248677095249150e+02
-1.331001437625609469e+02
-1.349614583326792854e+02
-1.368085415774257854e+02
-1.386411252507559766e+02
-1.404589427430673823e+02
-1.422617291205365291e+02
-1.440492211643140763e+02
-1.458211574096458207e+02
-1.475772781846158068e+02
-1.493173256486825267e+02
-1.510410438311664620e+02
-1.527481786692962942e+02
-1.544384780458774458e+02
-1.561116918271175109e+02
-1.577675718998270895e+02
-1.594058722085528643e+02
-1.610263487923116372e+02
-1.626287598211442855e+02
-1.642128656323227460e+02
-1.657784287662930183e+02
-1.673252140024226264e+02
-1.688529883941664593e+02
-1.703615213042592131e+02
-1.718505844394383075e+02
-1.733199518847904983e+02
-1.747694001379057909e+02
-1.761987081426563009e+02
-1.776076573225316224e+02
-1.789960316139118959e+02
-1.803636174988050129e+02
-1.817102040370411942e+02
-1.830355828985927360e+02
-1.843395483951846074e+02
-1.856218975116743763e+02
-1.868824299369387631e+02
-1.881209480945491919e+02
-1.893372571730375000e+02
-1.905311651556614549e+02
-1.917024828499857563e+02
-1.928510239167916325e+02
-1.939766048989065439e+02
-1.950790452494616147e+02
-1.961581673596973587e+02
-1.972137965864981197e+02
-1.982457612794505621e+02
-1.992538928073812485e+02
-2.002380255847582475e+02
-2.011979970974705338e+02
-2.021336479279309515e+02
-2.030448217803298121e+02
-2.039313655050179932e+02
-2.047931291225745554e+02
-2.056299658473567433e+02
-2.064417321107578118e+02
-2.072282875838611744e+02
-2.079894951997819135e+02
-2.087252211755003373e+02
-2.094353350329133718e+02
-2.101197096201135537e+02
-2.107782211315511631e+02
-2.114107491280251452e+02
-2.120171765561685788e+02
-2.125973897673929969e+02
-2.131512785363570401e+02
-2.136787360791668107e+02
-2.141796590707594987e+02
-2.146539476618222579e+02
-2.151015054956124004e+02
-2.155222397238139820e+02
-2.159160610222525065e+02
-2.162828836057806257e+02
-2.166226252428996304e+02
-2.169352072698279699e+02
-2.172205546040299851e+02
-2.174785957572971711e+02
-2.177092628481063912e+02
-2.179124916137757282e+02
-2.180882214219445814e+02
-2.182363952814648655e+02
-2.183569598528829374e+02
-2.184498654584049291e+02
-2.185150660912313469e+02
-2.185525194244946761e+02
-2.185621868196576543e+02
-2.185440333341884980e+02
-2.184980277289987498e+02
-2.184241424751962768e+02
-2.183223537602289070e+02
-2.181926414936715446e+02
-2.180349893123893708e+02
-2.178493845850989601e+02
-2.176358184165637795e+02
-2.173942856511484933e+02
-2.171247848757338943e+02
-2.168273184222898635e+02
-2.165018923698571598e+02
-2.161485165459253039e+02
-2.157672045272347532e+02
-2.153579736401588889e+02
-2.149208449605412170e+02
-2.144558433128795514e+02
-2.139629972691109288e+02
-2.134423391466425528e+02
-2.128939050060935188e+02
-2.123177346484435475e+02
-2.117138716114332055e+02
-2.110823631656230646e+02
-2.104232603099517291e+02
-2.097366177664980569e+02
-2.090224939750451085e+02
-2.082809510869956284e+02
-2.075120549583616594e+02
-2.067158751428023606e+02
-2.058924848839369588e+02
-2.050419611069128223e+02
-2.041643844096215616e+02
-2.032598390533257771e+02
-2.023284129528256017e+02
-2.013701976660959190e+02
-2.003852883832860243e+02
-1.993737839152327069e+02
-1.983357866815149464e+02
-1.972714026979483606e+02
-1.961807415635394136e+02
-1.950639164469012030e+02
-1.939210440723090869e+02
-1.927522447049177572e+02
-1.915576421357818617e+02
-1.903373636662836361e+02
-1.890915400918784144e+02
-1.878203056855782052e+02
-1.865237981807877077e+02
-1.852021587536364677e+02
-1.838555320048362773e+02
-1.824840659410820081e+02
-1.810879119558230741e+02
-1.796672248098802811e+02
-1.782221626110604120e+02
-1.767528867935598100e+02
-1.752595620971369499e+02
-1.737423565452972980e+02
-1.722014414233763091e+02
-1.706369912558802753e+02
-1.690491837836634659e+02
-1.674381999403558439e+02
-1.658042238284197083e+02
-1.641474426949098415e+02
-1.624680469063987402e+02
-1.607662299238272681e+02
-1.590421882767659554e+02
-1.572961215371105936e+02
-1.555282322924977052e+02
-1.537387261191906873e+02
-1.519278115545730543e+02
-1.500957000692578731e+02
-1.482426060385623714e+02
-1.463687467137660860e+02
-1.444743421929670149e+02
-1.425596153913356829e+02
-1.406247920111127314e+02
-1.386701005110789993e+02
-1.366957720757727657e+02
-1.347020405841849424e+02
-1.326891425781032012e+02
-1.306573172301232262e+02
-1.286068063110924413e+02
-1.265378541574136761e+02
-1.244507076378486090e+02
-1.223456161198937480e+02
-1.202228314359126671e+02
-1.180826078488662461e+02
-1.159252020175699727e+02
-1.137508729618966754e+02
-1.115598820272934972e+02
-1.093524928490824095e+02
-1.071289713165861031e+02
-1.048895855366954493e+02
-1.026346057972587005e+02
-1.003643045299977530e+02
-9.807895627333164157e+01
-9.577883763472891587e+01
-9.346422725272532261e+01
-9.113540575887418527e+01
-8.879265573910015519e+01
-8.643626169494018541e+01
-8.406651000456986367e+01
-8.168368888338409306e+01
-7.928808834437586484e+01
-7.688000015834586520e+01
-7.445971781366279174e+01
-7.202753647595272923e+01
-6.958375294748475426e+01
-6.712866562623821665e+01
-6.466257446485360560e+01
-6.218578092927418766e+01
-5.969858795720210765e+01
-5.720129991634894395e+01
-5.469422256241887226e+01
-5.217766299696086207e+01
-4.965192962498986162e+01
-4.711733211239152297e+01
-4.457418134317595104e+01
-4.202278937655864866e+01
-3.946346940385228663e+01
-3.689653570519840287e+01
-3.432230360608991759e+01
-3.174108943385544990e+01
-2.915321047386896680e+01
-2.655898492570486269e+01
-2.395873185917298542e+01
-2.135277117006626213e+01
-1.874142353601018840e+01
-1.612501037207402987e+01
-1.350385378624559962e+01
-1.087827653490603552e+01
-8.248601978106307797e+00
-5.615154034841907560e+00
-2.978257138178378227e+00
-3.382361903331911890e-01
2.304583482275120332e+00
4.949876174161545350e+00
7.597315845810953761e+00
1.024657616886725009e+01
1.289733057132798422e+01
1.554925228277534188e+01
1.820201437967807578e+01
2.085528983062431507e+01
2.350875154163259140e+01
2.616207240153744351e+01
2.881492532721676980e+01
3.146698330892650119e+01
3.411791945567165385e+01
3.676740704037729301e+01
3.941511954522866290e+01
4.206073070686943538e+01
4.470391456159086374e+01
4.734434549051911745e+01
4.998169826464436483e+01
5.261564808989714948e+01
5.524587065218292992e+01
5.787204216219288355e+01
6.049383940022380557e+01
6.311093976104348258e+01
6.572302129844320007e+01
6.832976276982662966e+01
7.093084368065865419e+01
7.352594432878686348e+01
7.611474584875031724e+01
7.869693025583364943e+01
8.127218048999930033e+01
8.384018045977973088e+01
8.640061508602957474e+01
8.895317034534855338e+01
9.149753331356441777e+01
9.403339220897760242e+01
9.656043643537122989e+01
9.907835662490106188e+01
1.015868446808926819e+02
1.040855938203185360e+02
1.065742986160603323e+02
1.090526550391514320e+02
1.115203605006608996e+02
1.139771138934047485e+02
1.164226156334552797e+02
1.188565677013830282e+02
1.212786736833768373e+02
1.236886388120346965e+02
1.260861700068671780e+02
1.284709759146735450e+02
1.308427669496340968e+02
1.332012553330587252e+02
1.355461551329754002e+02
1.378771823033894179e+02
1.401940547233298275e+02
1.424964922354320151e+02
1.447842166844948224e+02
1.470569519556538580e+02
1.493144240119909227e+02
1.515563609322689445e+02
1.537824929481103027e+02
1.559925524809004855e+02
1.581862741782933881e+02
1.603633949505019700e+02
1.625236540063106077e+02
1.646667928886454320e+02
1.667925555096844619e+02
1.689006881858258566e+02
1.709909396723815007e+02
1.730630611975120701e+02
1.751168064962930657e+02
1.771519318440314237e+02
1.791681960893074574e+02
1.811653606868349016e+02
1.831431897297334217e+02
1.851014499815337331e+02
1.870399109074896842e+02
1.889583447060194885e+02
1.908565263392974884e+02
1.927342335636567441e+02
1.945912469596132723e+02
1.964273499612245359e+02
1.982423288852387486e+02
2.000359729599695129e+02
2.018080743533973873e+02
2.035584282009640447e+02
2.052868326331263233e+02
2.069930888021772262e+02
2.086770009089268569e+02
2.103383762285120611e+02
2.119770251362442650e+02
2.135927611329552747e+02
2.151854008691589115e+02
2.167547641697656218e+02
2.183006740578093741e+02
2.198229567776088516e+02
2.213214418178158667e+02
2.227959619335688330e+02
2.242463531686062197e+02
2.256724548767115266e+02
2.270741097423033352e+02
2.284511638012836556e+02
2.298034664609967876e+02
2.311308705193496280e+02
2.324332321840784061e+02
2.337104110911523094e+02
2.349622703228797036e+02
2.361886764250648412e+02
2.373894994242282337e+02
2.385646128443131602e+02
2.397138937219942818e+02
2.408372226226247221e+02
2.419344836551335902e+02
2.430055644862213740e+02
2.440503563545198631e+02
2.450687540835642722e+02
2.460606560951464417e+02
2.470259644215502703e+02
2.479645847167794273e+02
2.488764262685708673e+02
2.497614020089640690e+02
2.506194285241990656e+02
2.514504260647036062e+02
2.522543185541644561e+02
2.530310335982821925e+02
2.537805024925419275e+02
2.545026602300358718e+02
2.551974455085373847e+02
2.558648007367683022e+02
2.565046720404197913e+02
2.571170092674883563e+02
2.577017659933726463e+02
2.582588995249761865e+02
2.587883709045490832e+02
2.592901449128476088e+02
2.597641900720568628e+02
2.602104786476588743e+02
2.606289866502129371e+02
2.610196938366534596e+02
2.613825837102281184e+02
2.617176435210285490e+02
2.620248642651681621e+02
2.623042406837671479e+02
2.625557712613895092e+02
2.627794582237565919e+02
2.629753075348980929e+02
2.631433288942021136e+02
2.632835357325739096e+02
2.633959452077870083e+02
2.634805781999721148e+02
2.635374593059843846e+02
2.635666168336535975e+02
2.635680827950166076e+02
2.635418928995075021e+02
2.634880865466766409e+02
2.634067068174451833e+02
2.632978004660277520e+02
2.631614179107383507e+02
2.629976132241445157e+02
2.628064441230532111e+02
2.625879719576487901e+02
2.623422617004366089e+02
2.620693819344782014e+02
2.617694048408299636e+02
2.614424061861404880e+02
2.610884653093548877e+02
2.607076651074978031e+02
2.603000920217709222e+02
2.598658360225552428e+02
2.594049905941869270e+02
2.589176527189082435e+02
2.584039228607043697e+02
2.578639049486857857e+02
2.572977063594286165e+02
2.567054378991044814e+02
2.560872137855133133e+02
2.554431516292479500e+02
2.547733724142303799e+02
2.540780004779553565e+02
2.533571634915283539e+02
2.526109924388965737e+02
2.518396215954273885e+02
2.510431885064094786e+02
2.502218339651840324e+02
2.493757019903582659e+02
2.485049398027376810e+02
2.476096978020950701e+02
2.466901295431207473e+02
2.457463917108898386e+02
2.447786440965164729e+02
2.437870495714441859e+02
2.427717740620105360e+02
2.417329865234191857e+02
2.406708589128788844e+02
2.395855661631344447e+02
2.384772861547280627e+02
2.373461996882419953e+02
2.361924904563443306e+02
2.350163450151349025e+02
2.338179527549127670e+02
2.325975058709218501e+02
2.313551993337759995e+02
2.300912308590723114e+02
2.288058008768748550e+02
2.274991125008164090e+02
2.261713714968345812e+02
2.248227862514140725e+02
2.234535677397798281e+02
2.220639294932143457e+02
2.206540875665059502e+02
2.192242605049423219e+02
2.177746693105682425e+02
2.163055374088744429e+02
2.148170906142995591e+02
2.133095570961040721e+02
2.117831673433429387e+02
2.102381541300674144e+02
2.086747524799502571e+02
2.070931996302442712e+02
2.054937349962974622e+02
2.038766001350959414e+02
2.022420387084875983e+02
2.005902964466213234e+02
1.989216211108296193e+02
1.972362624560373661e+02
1.955344721932387984e+02
1.938165039516052275e+02
1.920826132401225550e+02
1.903330574094679832e+02
1.885680956131409403e+02
1.867879887685512585e+02
1.849929995180291371e+02
1.831833921893785373e+02
1.813594327562022954e+02
1.795213887983109089e+02
1.776695294616447427e+02
1.758041254179943280e+02
1.739254488246870096e+02
1.720337732839652745e+02
1.701293738023287005e+02
1.682125267494357104e+02
1.662835098170817218e+02
1.643426019778835325e+02
1.623900834439227765e+02
1.604262356250728772e+02
1.584513410872186796e+02
1.564656835105888604e+02
1.544695476475626492e+02
1.524632192805838713e+02
1.504469851799913158e+02
1.484211330615962652e+02
1.463859515441290569e+02
1.443417301068766392e+02
1.422887590468035341e+02
1.402273294358965359e+02
1.381577330784057267e+02
1.360802624677253334e+02
1.339952107436565711e+02
1.319028716492048261e+02
1.298035394875350903e+02
1.276975090788237139e+02
1.255850757171137957e+02
1.234665351270377869e+02
1.213421834205055347e+02
1.192123170536015095e+02
1.170772327832037263e+02
1.149372276235608297e+02
1.127925988031620363e+02
1.106436437214342732e+02
1.084906599052683305e+02
1.063339449659470120e+02
1.041737965557604184e+02
1.020105123247940355e+02
9.984438987781504693e+01
9.767572673102222325e+01
9.550482026904137456e+01
9.333196770177892176e+01
9.115746602153376443e+01
8.898161196000364725e+01
8.680470194547342544e+01
8.462703206005789980e+01
8.244889799701013544e+01
8.027059501814983378e+01
7.809241791136992106e+01
7.591466094822499144e+01
7.373761784175076173e+01
7.156158170425624121e+01
6.938684500525414478e+01
6.721369952970235317e+01
6.504243633610894904e+01
6.287334571497558500e+01
6.070671714737000002e+01
5.854283926354946743e+01
5.638199980186800531e+01
5.422448556775634643e+01
5.207058239296929969e+01
4.992057509490041411e+01
4.777474743619313813e+01
4.563338208446475619e+01
4.349676057223769021e+01
4.136516325717275322e+01
3.923886928234605875e+01
3.711815653684425342e+01
3.500330161661804595e+01
3.289457978547397943e+01
3.079226493629721517e+01
2.869662955262538162e+01
2.660794467031882959e+01
2.452647983960741840e+01
2.245250308731010591e+01
2.038628087933102506e+01
1.832807808347752143e+01
1.627815793243462394e+01
1.423678198715242615e+01
1.220421010046629817e+01
1.018070038089899754e+01
8.166509156881147646e+00
6.161890941299134283e+00
4.167098396254004911e+00
2.182382298085940420e+00
2.079915028116374742e-01
-1.755827088032674510e+00
-3.708828561517293565e+00
-5.650770026830286952e+00
-7.581410648557721288e+00
-9.500511679723786074e+00
-1.140783649426884949e+01
-1.330315061943110777e+01
-1.518622176761164155e+01
-1.705681986786294146e+01
-1.891471709716461191e+01
-2.075968791120612877e+01
-2.259150907482944604e+01
-2.440995969213690842e+01
-2.621482123616988247e+01
-2.800587757823632273e+01
-2.978291501680905640e+01
-3.154572230611665873e+01
-3.329409068427048624e+01
-3.502781390097879921e+01
-3.674668824490072438e+01
-3.845051257057457406e+01
-4.013908832495872048e+01
-4.181221957353045582e+01
-4.346971302600650233e+01
-4.511137806149054086e+01
-4.673702675343520241e+01
-4.834647389407109586e+01
-4.993953701827376790e+01
-5.151603642720147036e+01
-5.307579521133084199e+01
-5.461863927319427603e+01
-5.614439734955885797e+01
-5.765290103312690917e+01
-5.914398479403826059e+01
-6.061748600055943825e+01
-6.207324493950363831e+01
-6.351110483634329285e+01
-6.493091187451500446e+01
-6.633251521448073618e+01
-6.771576701231424522e+01
-6.908052243781457946e+01
-7.042663969206114416e+01
-7.175398002448855550e+01
-7.306240774965772289e+01
-7.435179026345758757e+01
-7.562199805863747315e+01
-7.687290474015026120e+01
-7.810438703986619657e+01
-7.931632483077919460e+01
-8.050860114077113394e+01
-8.168110216585773742e+01
-8.283371728301972325e+01
-8.396633906235547329e+01
-8.507886327898268064e+01
-8.617118892429789412e+01
-8.724321821671401267e+01
-8.829485661186299694e+01
-8.932601281261668191e+01
-9.033659877818536188e+01
-9.132652973288713838e+01
-9.229572417450071953e+01
-9.324410388199066801e+01
-9.417159392285066133e+01
-9.507812265971551824e+01
-9.596362175674767059e+01
-9.682802618527966843e+01
-9.767127422911471513e+01
-9.849330748923421197e+01
-9.929407088803236547e+01
-1.000735126729414333e+02
-1.008315844196877151e+02
-1.015682410350800637e+02
-1.022834407590562478e+02
-1.029771451663873449e+02
-1.036493191678491712e+02
-1.042999310108334612e+02
-1.049289522796316305e+02
-1.055363578949127259e+02
-1.061221261129267077e+02
-1.066862385241347511e+02
-1.072286800512501941e+02
-1.077494389469429734e+02
-1.082485067910001817e+02
-1.087258784866990027e+02
-1.091815522569995665e+02
-1.096155296403867396e+02
-1.100278154855859611e+02
-1.104184179462954489e+02
-1.107873484754945821e+02
-1.111346218186808983e+02
-1.114602560071634798e+02
-1.117642723508342897e+02
-1.120466954298790370e+02
-1.123075530866863119e+02
-1.125468764170145732e+02
-1.127646997603605996e+02
-1.129610606903897860e+02
-1.131360000045442575e+02
-1.132895617130743631e+02
-1.134217930279337452e+02
-1.135327443509941077e+02
-1.136224692616997345e+02
-1.136910245043518444e+02
-1.137384699750937216e+02
-1.137648687080272794e+02
-1.137702868611486338e+02
-1.137547937019353412e+02
-1.137184615920732540e+02
-1.136613659719723728e+02
-1.135835853450062132e+02
-1.134852012608198493e+02
-1.133662982986015777e+02
-1.132269640498834633e+02
-1.130672891004396661e+02
-1.128873670124185082e+02
-1.126872943056459917e+02
-1.124671704383335964e+02
-1.122270977877624318e+02
-1.119671816304871754e+02
-1.116875301216505250e+02
-1.113882542742603619e+02
-1.110694679383486800e+02
-1.107312877789463528e+02
-1.103738332541970522e+02
-1.099972265931301081e+02
-1.096015927724656649e+02
-1.091870594936417547e+02
-1.087537571592856693e+02
-1.083018188488176747e+02
-1.078313802943548581e+02
-1.073425798559828763e+02
-1.068355584962891953e+02
-1.063104597550491235e+02
-1.057674297233770631e+02
-1.052066170172092825e+02
-1.046281727508767290e+02
-1.040322505101548813e+02
-1.034190063246478530e+02
-1.027885986402998242e+02
-1.021411882914699163e+02
-1.014769384722767427e+02
-1.007960147080948445e+02
-1.000985848265190725e+02
-9.938481892782328941e+01
-9.865488935542907711e+01
-9.790897066605066357e+01
-9.714723959907769313e+01
-9.636987504608350719e+01
-9.557705802013060747e+01
-9.476897162421664689e+01
-9.394580101998053578e+01
-9.310773339603656495e+01
-9.225495793558275182e+01
-9.138766578435024712e+01
-9.050605001804979111e+01
-8.961030560913877707e+01
-8.870062939404851932e+01
-8.777722003981853049e+01
-8.684027801011052361e+01
-8.589000553172991204e+01
-8.492660656048610690e+01
-8.395028674655350187e+01
-8.296125340014441463e+01
-8.195971545690190396e+01
-8.094588344255680568e+01
-7.991996943783669849e+01
-7.888218704330029141e+01
-7.783275134335781331e+01
-7.677187887072886952e+01
-7.569978757054104790e+01
-7.461669676381279714e+01
-7.352282711144744098e+01
-7.241840057776789763e+01
-7.130364039348296501e+01
-7.017877101922294969e+01
-6.904401810851959453e+01
-6.789960847043766989e+01
-6.674577003264221275e+01
-6.558273180393371149e+01
-6.441072383647133393e+01
-6.322997718845181225e+01
-6.204072388637177937e+01
-6.084319688680079707e+01
-5.963763003876647417e+01
-5.842425804574122594e+01
-5.720331642710334563e+01
-5.597504148022562731e+01
-5.473967024222429245e+01
-5.349744045117131463e+01
-5.224859050799977922e+01
-5.099335943801179383e+01
-4.973198685192846824e+01
-4.846471290774252338e+01
-4.719177827177782092e+01
-4.591342407986712715e+01
-4.462989189904692466e+01
-4.334142368855236782e+01
-4.204826176092365131e+01
-4.075064874343479460e+01
-3.944882753932779451e+01
-3.814304128878939082e+01
-3.683353333043623934e+01
-3.552054716238899346e+01
-3.420432640347144115e+01
-3.288511475473433165e+01
-3.156315596063586781e+01
-3.023869377017263105e+01
-2.891197189851027360e+01
-2.758323398851189268e+01
-2.625272357184076100e+01
-2.492068403094390305e+01
-2.358735856041357692e+01
-2.225299012856066838e+01
-2.091782143958107554e+01
-1.958209489515365931e+01
-1.824605255631149703e+01
-1.690993610562873073e+01
-1.557398680940468694e+01
-1.423844547968610641e+01
-1.290355243684734887e+01
-1.156954747210738788e+01
-1.023666980986445196e+01
-8.905158070684592531e+00
-7.575250234263876337e+00
-6.247183602083623555e+00
-4.921194760858270456e+00
-3.597519545955492504e+00
-2.276393004512556217e+00
-9.580493595071857271e-01
3.572780266636073065e-01
1.669356688288644364e+00
2.977955091811509192e+00
4.282842671654179867e+00
5.583789865719154477e+00
6.880568150554609019e+00
8.172950076301731315e+00
9.460709301740735100e+00
1.074362062857699129e+01
1.202146003605821534e+01
1.329400471524922978e+01
1.456103310260232320e+01
1.582232491379136263e+01
1.707766117740220579e+01
1.832682426793189734e+01
1.956959793860687569e+01
2.080576735446175007e+01
2.203511912436852072e+01
2.325744133347052411e+01
2.447252357516754273e+01
2.568015698237923061e+01
2.688013425916187771e+01
2.807224971176037798e+01
2.925629927931368002e+01
3.043208056432058584e+01
3.159939286294820704e+01
3.275803719464920505e+01
3.390781633194683309e+01
3.504853482975977386e+01
3.617999905400483840e+01
3.730201721048479158e+01
3.841439937313043629e+01
3.951695751191891759e+01
4.060950552050917395e+01
4.169185924363409868e+01
4.276383650378693346e+01
4.382525712805181684e+01
4.487594297445548364e+01
4.591571795751769969e+01
4.694440807391902126e+01
4.796184142792344574e+01
4.896784825597069357e+01
4.996226095101974352e+01
5.094491408694739221e+01
5.191564444189771166e+01
5.287429102180612972e+01
5.382069508340009634e+01
5.475470015649261768e+01
5.567615206634309288e+01
5.658489895536513359e+01
5.748079130451151286e+01
5.836368195425529848e+01
5.923342612520173134e+01
6.008988143807619053e+01
6.093290793367759761e+01
6.176236809229703795e+01
6.257812685238423001e+01
6.338005162915760593e+01
6.416801233291971585e+01
6.494188138659683318e+01
6.570153374285018799e+01
6.644684690122267057e+01
6.717770092425416806e+01
6.789397845362236694e+01
6.859556472575968655e+01
6.928234758673261240e+01
6.995421750708283071e+01
7.061106759602262173e+01
7.125279361526918365e+01
7.187929399237691541e+01
7.249046983366224595e+01
7.308622493655730068e+01
7.366646580175620329e+01
7.423110164487661677e+01
7.478004440730819624e+01
7.531320876707741263e+01
7.583051214900842751e+01
7.633187473451016558e+01
7.681721947085679858e+01
7.728647208014081116e+01
7.773956106743480632e+01
7.817641772887054685e+01
7.859697615929326275e+01
7.900117325893916131e+01
7.938894874015113601e+01
7.976024513357424439e+01
8.011500779359175795e+01
8.045318490359204588e+01
8.077472748082072940e+01
8.107958938031060825e+01
8.136772729889980837e+01
8.163910077850960079e+01
8.189367220891472243e+01
8.213140683025176259e+01
8.235227273480450094e+01
8.255624086859734234e+01
8.274328503232845833e+01
8.291338188199279102e+01
8.306651092876109033e+01
8.320265453868341865e+01
8.332179793204613816e+01
8.342392918174937222e+01
8.350903921157078003e+01
8.357712179419559106e+01
8.362817354825074290e+01
8.366219393516439595e+01
8.367918525580898859e+01
8.367915264611383463e+01
8.366210407272592420e+01
8.362805032797677995e+01
8.357700502445277380e+01
8.350898458917527023e+01
8.342400825709410128e+01
8.332209806447463052e+01
8.320327884165908472e+01
8.306757820525581337e+01
8.291502655008207512e+01
8.274565704063388694e+01
8.255950560205928923e+01
8.235661091067049711e+01
8.213701438408770628e+01
8.190076017092451366e+01
8.164789513994946901e+01
8.137846886904480925e+01
8.109253363353127497e+01
8.079014439403636061e+01
8.047135878411427257e+01
8.013623709734747536e+01
7.978484227400349482e+01
7.941723988733338047e+01
7.903349812943815778e+01
7.863368779662050656e+01
7.821788227455999731e+01
7.778615752288897056e+01
7.733859205932913028e+01
7.687526694361349655e+01
7.639626576087539434e+01
7.590167460469911020e+01
7.539158205976400495e+01
7.486607918395657180e+01
7.432525949044156732e+01
7.376921892904283595e+01
7.319805586734946701e+01
7.261187107141540764e+01
7.201076768607890699e+01
7.139485121510915633e+01
7.076422950068172213e+01
7.011901270266935171e+01
6.945931327753805817e+01
6.878524595690123533e+01
6.809692772574271658e+01
6.739447780022419465e+01
6.667801760523070698e+01
6.594767075147410651e+01
6.520356301234096463e+01
6.444582230051310034e+01
6.367457864401876577e+01
6.288996416203553963e+01
6.209211304057498637e+01
6.128116150765163184e+01
6.045724780816271959e+01
5.962051217850421381e+01
5.877109682082664222e+01
5.790914587716906681e+01
5.703480540311466029e+01
5.614822334117161517e+01
5.524954949393213610e+01
5.433893549701679149e+01
5.341653479162414442e+01
5.248250259678752627e+01
5.153699588158815459e+01
5.058017333680982119e+01
4.961219534646443208e+01
4.863322395933209918e+01
4.764342285980455927e+01
4.664295733863400528e+01
4.563199426370374567e+01
4.461070205033138336e+01
4.357925063127549947e+01
4.253781142674233706e+01
4.148655731404505786e+01
4.042566259705381526e+01
3.935530297555305879e+01
3.827565551426232560e+01
3.718689861163329624e+01
3.608921196867595427e+01
3.498277655746096571e+01
3.386777458934193419e+01
3.274438948320130294e+01
3.161280583336883865e+01
3.047320937750191661e+01
2.932578696430573473e+01
2.817072652097340324e+01
2.700821702050598105e+01
2.583844844907616789e+01
2.466161177311369102e+01
2.347789890613239550e+01
2.228750267572831945e+01
2.109061679023943725e+01
1.988743580531263433e+01
1.867815509055253642e+01
1.746297079584110179e+01
1.624207981752624619e+01
1.501567976488695422e+01
1.378396892609816859e+01
1.254714623422296427e+01
1.130541123347938992e+01
1.005896404484337836e+01
8.808005331942695193e+00
7.552736267170985229e+00
6.293358497065128176e+00
5.030074107975451625e+00
3.763085592121569789e+00
2.492595812926083454e+00
1.218807970481066150e+00
-5.807443248340860009e-02
-1.337847625345602864e+00
-2.620307604094705312e+00
-3.905250165438701515e+00
-5.192470941541614593e+00
-6.481765434517001268e+00
-7.772929050666789408e+00
-9.065757135020248825e+00
-1.036004500583294430e+01
-1.165558798866186407e+01
-1.295218145100443508e+01
-1.424962083656464529e+01
-1.554770169924995571e+01
-1.684621973758839886e+01
-1.814497082896741631e+01
-1.944375106344159576e+01
-2.074235677784781728e+01
-2.204058458999861614e+01
-2.333823143214976881e+01
-2.463509458495173021e+01
-2.593097171129556955e+01
-2.722566088961866626e+01
-2.851896064748507342e+01
-2.981066999521499383e+01
-3.110058845876847045e+01
-3.238851611306381528e+01
-3.367425361524874461e+01
-3.495760223713296000e+01
-3.623836389829739346e+01
-3.751634119879054197e+01
-3.879133745121725951e+01
-4.006315671333504724e+01
-4.133160382043206482e+01
-4.259648441691933840e+01
-4.385760498836680199e+01
-4.511477289351751097e+01
-4.636779639516316820e+01
-4.761648469193460187e+01
-4.886064794949743373e+01
-5.010009733098922879e+01
-5.133464502830429410e+01
-5.256410429262723483e+01
-5.378828946426074253e+01
-5.500701600332649832e+01
-5.622010051956931420e+01
-5.742736080178474367e+01
-5.862861584756683442e+01
-5.982368589258658176e+01
-6.041965227267154148e+01
