9.118005970229130241e+01
9.203113130530255148e+01
9.372820748238882516e+01
9.541502438075076498e+01
9.709133259159534646e+01
9.875688479152449872e+01
1.004114357818925782e+02
1.020547425281929463e+02
1.036865641988715652e+02
1.053066622034311877e+02
1.069148002306355920e+02
1.085107442860480660e+02
1.100942627289150550e+02
1.116651263091134751e+02
1.132231082033631537e+02
1.147679840508499183e+02
1.162995319887668302e+02
1.178175326872951700e+02
1.193217693837941624e+02
1.208120279170270805e+02
1.222880967606524791e+02
1.237497670561242558e+02
1.251968326454061753e+02
1.266290901031388785e+02
1.280463387679210427e+02
1.294483807737196912e+02
1.308350210804201197e+02
1.322060675037446345e+02
1.335613307450239517e+02
1.349006244202792004e+02
1.362237650885963376e+02
1.375305722803823301e+02
1.388208685248318943e+02
1.400944793766993826e+02
1.413512334430160990e+02
1.425909624089254066e+02
1.438135010628611781e+02
1.450186873216043750e+02
1.462063622545010730e+02
1.473763701069638046e+02
1.485285583238655818e+02
1.496627775721262879e+02
1.507788817625005322e+02
1.518767280712545471e+02
1.529561769610572810e+02
1.540170922010674985e+02
1.550593408868935512e+02
1.560827934597327840e+02
1.570873237247051293e+02
1.580728088690775621e+02
1.590391294796518196e+02
1.599861695593335753e+02
1.609138165435269912e+02
1.618219613157962158e+02
1.627104982226173888e+02
1.635793250880251435e+02
1.644283432273896324e+02
1.652574574604150257e+02
1.660665761239506537e+02
1.668556110839690518e+02
1.676244777467163658e+02
1.683730950696644868e+02
1.691013855717064871e+02
1.698092753424416514e+02
1.704966940513086229e+02
1.711635749558699899e+02
1.718098549093128895e+02
1.724354743676904036e+02
1.730403773963416825e+02
1.736245116755544586e+02
1.741878285059374321e+02
1.747302828129822956e+02
1.752518331508317715e+02
1.757524417058157269e+02
1.762320742991214502e+02
1.766907003887217797e+02
1.771282930710112851e+02
1.775448290816129884e+02
1.779402887954447579e+02
1.783146562264655586e+02
1.786679190266731894e+02
1.790000684842279952e+02
1.793110995213974093e+02
1.796010106916201039e+02
1.798698041758489126e+02
1.801174857785545100e+02
1.803440649230133204e+02
1.805495546457341334e+02
1.807339715906382480e+02
1.808973360025283910e+02
1.810396717195753808e+02
1.811610061658057020e+02
1.812613703425713538e+02
1.813407988193803249e+02
1.813993297244178393e+02
1.814370047342636099e+02
1.814538690629478879e+02
1.814499714505336669e+02
1.814253641511913884e+02
1.813801029203241342e+02
1.813142470014990977e+02
1.812278591126259926e+02
1.811210054313678484e+02
1.809937555803144278e+02
1.808461826113070856e+02
1.806783629893088801e+02
1.804903765756353096e+02
1.802823066106620900e+02
1.800542396958730933e+02
1.798062657754962856e+02
1.795384781174857380e+02
1.792509732937996887e+02
1.789438511604848827e+02
1.786172148367909358e+02
1.782711706840436818e+02
1.779058282838741434e+02
1.775213004158226795e+02
1.771177030344852028e+02
1.766951552461887331e+02
1.762537792850130245e+02
1.757937004883297050e+02
1.753150472719494246e+02
1.748179511043917955e+02
1.743025464811330494e+02
1.737689708980174146e+02
1.732173648242210220e+02
1.726478716747355975e+02
1.720606377824310584e+02
1.714558123695765062e+02
1.708335475187654993e+02
1.701939981436275957e+02
1.695373219587540916e+02
1.688636794494304922e+02
1.681732338407605312e+02
1.674661510663229365e+02
1.667425997364450723e+02
1.660027511060109191e+02
1.652467790418058939e+02
1.644748599894558083e+02
1.636871729399863398e+02
1.628838993957192542e+02
1.620652233361117851e+02
1.612313311829609574e+02
1.603824117651781762e+02
1.595186562833113157e+02
1.586402582735828446e+02
1.577474135715359580e+02
1.568403202753022470e+02
1.559191787086139129e+02
1.549841913832259479e+02
1.540355629611773338e+02
1.530735002166455843e+02
1.520982119973381828e+02
1.511099091857291796e+02
1.501088046598532344e+02
1.490951132537428236e+02
1.480690517176255128e+02
1.470308386778151544e+02
1.459806945961525741e+02
1.449188417293534883e+02
1.438455040879206877e+02
1.427609073947740796e+02
1.416652790437173053e+02
1.405588480574803611e+02
1.394418450455997913e+02
1.383145021620422881e+02
1.371770530625361744e+02
1.360297328616245522e+02
1.348727780896065269e+02
1.337064266491594253e+02
1.325309177717388138e+02
1.313464919738330536e+02
1.301533910129105607e+02
1.289518578432505365e+02
1.277421365716113542e+02
1.265244724126230267e+02
1.252991116440086898e+02
1.240663015617583369e+02
1.228262904350358440e+02
1.215793274609313812e+02
1.203256627191542520e+02
1.190655471265019969e+02
1.177992323912492338e+02
1.165269709673993930e+02
1.152490160088495941e+02
1.139656213234034112e+02
1.126770413267163349e+02
1.113835309961802977e+02
1.100853458246542687e+02
1.087827417741930276e+02
1.074759752296733950e+02
1.061653029523731675e+02
1.048509820334925280e+02
1.035332698476449877e+02
1.022124240063185425e+02
1.008887023112952193e+02
9.956236270805766253e+01
9.823366323919344723e+01
9.690286199780530296e+01
9.557021708089359890e+01
9.423598654280021947e+01
9.290042834863334065e+01
9.156380032773950006e+01
9.022636012723569365e+01
8.888836516553874390e+01
8.755007258597788677e+01
8.621173921049194178e+01
8.487362149334740025e+01
8.353597547495110121e+01
8.219905673579796712e+01
8.086312035042419666e+01
7.952842084150961455e+01
7.819521213412326688e+01
7.686374751002449557e+01
7.553427956209634431e+01
7.420706014897405112e+01
7.288234034973220332e+01
7.156037041873833005e+01
7.024139974075478676e+01
6.892567678605973924e+01
6.761344906581007308e+01
6.630496308763213165e+01
6.500046431130567726e+01
6.370019710467522600e+01
6.240440469982786453e+01
6.111332914935474037e+01
5.982721128291950663e+01
5.854629066406914717e+01
5.727080554716894767e+01
5.600099283466715860e+01
5.473708803461295247e+01
5.347932521835264197e+01
5.222793697849601813e+01
5.098315438729332527e+01
4.974520695504725154e+01
4.851432258898785221e+01
4.729072755242032144e+01
4.607464642403965627e+01
4.486630205772416957e+01
4.366591554249043838e+01
4.247370616282387346e+01
4.128989135940946653e+01
4.011468669003852483e+01
3.894830579090148603e+01
3.779096033837049617e+01
3.664286001091431899e+01
3.550421245147663285e+01
3.437522323022812998e+01
3.325609580766877116e+01
3.214703149811521143e+01
3.104822943346334796e+01
2.995988652758751414e+01
2.888219744083835394e+01
2.781535454512322758e+01
2.675954788940725848e+01
2.571496516544993938e+01
2.468179167416838027e+01
2.366021029234070738e+01
2.265040143964142771e+01
2.165254304622430936e+01
2.066681052084823023e+01
1.969337671911671350e+01
1.873241191247961979e+01
1.778408375762319338e+01
1.684855726617843175e+01
1.592599477510520956e+01
1.501655591735288908e+01
1.412039759308117937e+01
1.323767394152400811e+01
1.236853631303074508e+01
1.151313324172315333e+01
1.067161041884537553e+01
9.844110666338565352e+00
9.030773910988500575e+00
8.231737159285330563e+00
7.447134472486141021e+00
6.677096942349635356e+00
5.921752667559303518e+00
5.181226730333037267e+00
4.455641173739422811e+00
3.745114979687969026e+00
3.049764047220378416e+00
2.369701171357519343e+00
1.705036022804051754e+00
1.055875127774015709e+00
4.223218485367397079e-01
-1.955236351759594982e-01
-7.975643447061884217e-01
-1.383706520267878659e+00
-1.953859637883397227e+00
-2.507936426134619978e+00
-3.045852882233702985e+00
-3.567528287346249272e+00
-4.072885221621618257e+00
-4.561849578435612784e+00
-5.034350577988334408e+00
-5.490320780644651677e+00
-5.929696099392458564e+00
-6.352415811678838509e+00
-6.758422570985203492e+00
-7.147662417459287099e+00
-7.520084788049643976e+00
-7.875642526259980514e+00
-8.214291890977619914e+00
-8.535992564804473659e+00
-8.840707661994201771e+00
-9.128403735548999975e+00
-9.399050783642451279e+00
-9.652622255797723483e+00
-9.889095058154453000e+00
-1.010844955802076583e+01
-1.031066958828523639e+01
-1.049574245087569579e+01
-1.066365891939767607e+01
-1.081441324173010798e+01
-1.094800314165513555e+01
-1.106442981973395945e+01
-1.116369795397167763e+01
-1.124581569960810157e+01
-1.131079468818279565e+01
-1.135865002634818666e+01
-1.138940029388595576e+01
-1.140306754080938845e+01
-1.139967728439660277e+01
-1.137925850534793426e+01
-1.134184364310931414e+01
-1.128746859103830502e+01
-1.121617269066246081e+01
-1.112799872521554789e+01
-1.102299291299823381e+01
-1.090120489983473817e+01
-1.076268775068729155e+01
-1.060749794120511069e+01
-1.043569534843027213e+01
-1.024734324062137603e+01
-1.004250826691804832e+01
-9.821260446213273099e+00
-9.583673155211727135e+00
-9.329823116370789648e+00
-9.059790384943880781e+00
-8.773658335230720695e+00
-8.471513646641142259e+00
-8.153446289124076429e+00
-7.819549507659758092e+00
-7.469919806465441070e+00
-7.104656932730904373e+00
-6.723863859238008445e+00
-6.327646767045280285e+00
-5.916115027386240399e+00
-5.489381182575016282e+00
-5.047560926939695491e+00
-4.590773087021261745e+00
-4.119139600940798118e+00
-3.632785497469740221e+00
-3.131838874639470305e+00
-2.616430877345010231e+00
-2.086695674936436262e+00
-1.542770438087245566e+00
-9.847953147555017495e-01
-4.129134061763579666e-01
1.727292579375898640e-01
7.719837448921680334e-01
1.384698244682113000e+00
2.010718096364598750e+00
2.649885815174911841e+00
3.302041119673958747e+00
3.967020959614728781e+00
4.644659544606838608e+00
5.334788372826551495e+00
6.037236260378449515e+00
6.751829371359690413e+00
7.478391248024308879e+00
8.216742841689210763e+00
8.966702544178588141e+00
9.728086219447504845e+00
1.050070723579756304e+01
1.128437649876832438e+01
1.207890248417152179e+01
1.288409127162231016e+01
1.369974657877082791e+01
1.452566979560288019e+01
1.536166001938636327e+01
1.620751409017066180e+01
1.706302662629514089e+01
1.792799006059522071e+01
1.880219467718507076e+01
1.968542864820210525e+01
2.057747807119267236e+01
2.147812700701615540e+01
2.238715751780091523e+01
2.330434970547139528e+01
2.422948175086912670e+01
2.516232995266182115e+01
2.610266876703190064e+01
2.705027084786433988e+01
2.800490708670531603e+01
2.896634665353940363e+01
2.993435703784234647e+01
3.090870408964656235e+01
3.188915206123056123e+01
3.287546364919671760e+01
3.386740003638897178e+01
3.486472093447900988e+01
3.586718462697263021e+01
3.687454801200601651e+01
3.788656664576683397e+01
3.890299478624183394e+01
3.992358543690261286e+01
4.094809039087249403e+01
4.197626027548085403e+01
4.300784459662827430e+01
4.404259178361917293e+01
4.508024923449283961e+01
4.612056336104160437e+01
4.716327963430285308e+01
4.820814263042484527e+01
4.925489607636245637e+01
5.030328289593217050e+01
5.135304525621177163e+01
5.240392461380542954e+01
5.345566176136253489e+01
5.450799687449034536e+01
5.556066955844471522e+01
5.661341889518007520e+01
5.766598349051673722e+01
5.871810152134275995e+01
5.976951078299498477e+01
6.081994873680923774e+01
6.186915255761414301e+01
6.291685918132588995e+01
6.396280535289133695e+01
6.500672767394917173e+01
6.604836265071480739e+01
6.708744674205445335e+01
6.812371640737546841e+01
6.915690815461675811e+01
7.018675858847018389e+01
7.121300445836732251e+01
7.223538270656990790e+01
7.325363051642762002e+01
7.426748536037666781e+01
7.527668504805205885e+01
7.628096777452537935e+01
7.728007216827336379e+01
7.827373733919830556e+01
7.926170292675215023e+01
8.024370914783958142e+01
8.121949684468290798e+01
8.218880753277699114e+01
8.315138344857405173e+01
8.410696759714574000e+01
8.505530379992524104e+01
8.599613674209558667e+01
8.692921202002344216e+01
8.785427618861376686e+01
8.877107680837252701e+01
8.967936249252579728e+01
9.057888295397424372e+01
9.146938905196202541e+01
9.235063283867384598e+01
9.322236760583928117e+01
9.408434793088326842e+01
9.493632972305204021e+01
9.577807026939990465e+01
9.660932828045861243e+01
9.742986393579303694e+01
9.823943892936131306e+01
9.903781651461395086e+01
9.982476154929554468e+01
1.006000405402401157e+02
1.013634216877417202e+02
1.021146749296676717e+02
1.028535719854780837e+02
1.035798863998033994e+02
1.042933935858800396e+02
1.049938708687150211e+02
1.056810975278049227e+02
1.063548548397775448e+02
1.070149261205851872e+02
1.076610967674141648e+02
1.082931543004351624e+02
1.089108884040206249e+02
1.095140909676829324e+02
1.101025561267733792e+02
1.106760803028555529e+02
1.112344622435366546e+02
1.117775030621332917e+02
1.123050062768797943e+02
1.128167778498163898e+02
1.133126262253344976e+02
1.137923623681936078e+02
1.142557998013089673e+02
1.147027546430144866e+02
1.151330456440800845e+02
1.155464942241524113e+02
1.159429245078827080e+02
1.163221633605835450e+02
1.166840404234990274e+02
1.170283881486411701e+02
1.173550418331051333e+02
1.176638396530815953e+02
1.179546226972215663e+02
1.182272349997656420e+02
1.184815235730729910e+02
1.187173384396373876e+02
1.189345326637285325e+02
1.191329623825658928e+02
1.193124868369213800e+02
1.194729684012818325e+02
1.196142726134512486e+02
1.197362682037000923e+02
1.198388271235016873e+02
1.199218245735646633e+02
1.199851390314343007e+02
1.200286522785554553e+02
1.200522494269080198e+02
1.200558189449748170e+02
1.200392526832220028e+02
1.200024458989973937e+02
1.199452972809394851e+02
1.198677089728662395e+02
1.197695865970072191e+02
1.196508392766663746e+02
1.195113796584482770e+02
1.193511239338386076e+02
1.191699918601643731e+02
1.189679067810557171e+02
1.187447956462528964e+02
1.185005890309184906e+02
1.182352211542765872e+02
1.179486298977371916e+02
1.176407568223366980e+02
1.173115471855744545e+02
1.169609499577763927e+02
1.165889178377892677e+02
1.161954072679600358e+02
1.157803784486204677e+02
1.153437953519296570e+02
1.148856257351017121e+02
1.144058411529713339e+02
1.139044169700173370e+02
1.133813323717258754e+02
1.128365703751187539e+02
1.122701178390998393e+02
1.116819654737955716e+02
1.110721078493534151e+02
1.104405434041345870e+02
1.097872744522719586e+02
1.091123071905749384e+02
1.084156517047849775e+02
1.076973219751707802e+02
1.069573358815014217e+02
1.061957152074082842e+02
1.054124856439484574e+02
1.046076767928043409e+02
1.037813221684737073e+02
1.029334592000432167e+02
1.020641292323653033e+02
1.011733775263128337e+02
1.002612532585844747e+02
9.932780952084431192e+01
9.837310331815206155e+01
9.739719556679301604e+01
9.640015109130217752e+01
9.538203862098453101e+01
9.434293078583323222e+01
9.328290411156740447e+01
9.220203901424611104e+01
9.110041979404195445e+01
8.997813462844897003e+01
8.883527556486296817e+01
8.767193851249248837e+01
8.648822323351487285e+01
8.528423333366481529e+01
8.406007625226811797e+01
8.281586325145872252e+01
8.155170940474090457e+01
8.026773358503487543e+01
7.896405845207846141e+01
7.764081043898295320e+01
7.629811973838513950e+01
7.493612028778989043e+01
7.355494975432520732e+01
7.215474951889518707e+01
7.073566465969270212e+01
6.929784393500267470e+01
6.784143976536324772e+01
6.636660821531222609e+01
6.487350897425494622e+01
6.336230533675552579e+01
6.183316418227514077e+01
6.028625595433550188e+01
5.872175463894564018e+01
5.713983774240114144e+01
5.554068626861771918e+01
5.392448469580631354e+01
5.229142095229872211e+01
5.064168639220224577e+01
4.897547577019577147e+01
4.729298721566556196e+01
4.559442220642631582e+01
4.387998554182195221e+01
4.214988531505332503e+01
4.040433288524218369e+01
3.864354284874934820e+01
3.686773300970162381e+01
3.507712435044231825e+01
3.327194100099950447e+01
3.145241020815956290e+01
2.961876230407688126e+01
2.777123067408501811e+01
2.591005172410586965e+01
2.403546484769140079e+01
2.214771239222500299e+01
2.024703962467174279e+01
1.833369469696117449e+01
1.640792861073714448e+01
1.446999518153825193e+01
1.252015100253447599e+01
1.055865540783634060e+01
8.585770435072845430e+00
6.601760787754756166e+00
4.606893797037628246e+00
2.601439382788157673e+00
5.856700145050126594e-01
-1.440139328264194774e+00
-3.475711196291740634e+00
-5.520765711189596914e+00
-7.575020606369434972e+00
-9.638191268762966502e+00
-1.170999078060594911e+01
-1.379012996185520024e+01
-1.587831741307672928e+01
-1.797425955864127900e+01
-2.007766069030549261e+01
-2.218822301137697650e+01
-2.430564668112674553e+01
-2.642962985959457001e+01
-2.855986875297458027e+01
-3.069605765905180306e+01
-3.283788901329899090e+01
-3.498505343536453438e+01
-3.713723977549489064e+01
-3.929413516185741173e+01
-4.145542504794866545e+01
-4.362079326023376780e+01
-4.578992204631504137e+01
-4.796249212332804746e+01
-5.013818272673415777e+01
-5.231667165920589468e+01
-5.449763534021985834e+01
-5.668074885545138386e+01
-5.886568600676037022e+01
-6.105211936249907012e+01
-6.323972030787808762e+01
-6.542815909572163946e+01
-6.761710489749202679e+01
-6.980622585440687544e+01
-7.199518912900748546e+01
-7.418366095701458107e+01
-7.637130669889666024e+01
-7.855779089224779455e+01
-8.074277730413450627e+01
-8.292592898363000131e+01
-8.510690831442116178e+01
-8.728537706791212258e+01
-8.946099645622962271e+01
-9.163342718536478060e+01
-9.380232950890604116e+01
-9.596736328122824489e+01
-9.812818801140565483e+01
-1.002844629171104316e+02
-1.024358469783855980e+02
-1.045819989918036299e+02
-1.067225776246959867e+02
-1.088572414693917381e+02
-1.109856490974580083e+02
-1.131074591144642909e+02
-1.152223302141592285e+02
-1.173299212332294701e+02
-1.194298912060039584e+02
-1.215218994189672230e+02
-1.236056054655909975e+02
-1.256806693010730669e+02
-1.277467512970233656e+02
-1.298035122963829053e+02
-1.318506136682772194e+02
-1.338877173624769057e+02
-1.359144859644184180e+02
-1.379305827498974395e+02
-1.399356717398386536e+02
-1.419294177548363223e+02
-1.439114864698512974e+02
-1.458815444688170828e+02
-1.478392592989785044e+02
-1.497842995255432470e+02
-1.517163347858604538e+02
-1.536350358436357055e+02
-1.555400746432642336e+02
-1.574311243636984727e+02
-1.593078594723301649e+02
-1.611699557789761457e+02
-1.630170904893384431e+02
-1.648489422585917055e+02
-1.666651912447632640e+02
-1.684655191618076060e+02
-1.702496093327517883e+02
-1.720171467424879665e+02
-1.737678180904549663e+02
-1.755013118430088070e+02
-1.772173182857623033e+02
-1.789155295755972475e+02
-1.805956397924383054e+02
-1.822573449909796182e+02
-1.839003432518493355e+02
-1.855243347327741503e+02
-1.871290217195582954e+02
-1.887141086765041109e+02
-1.902793022967416618e+02
-1.918243115523964661e+02
-1.933488477441660507e+02
-1.948526245508273860e+02
-1.963353580785060331e+02
-1.977967669093068253e+02
-1.992365721499336360e+02
-2.006544974798925978e+02
-2.020502691993142435e+02
-2.034236162764336768e+02
-2.047742703947842529e+02
-2.061019659999610667e+02
-2.074064403460333779e+02
-2.086874335417332986e+02
-2.099446885958732310e+02
-2.111779514628469769e+02
-2.123869710874687371e+02
-2.135714994493546328e+02
-2.147312916070795836e+02
-2.158661057418203200e+02
-2.169757032004308712e+02
-2.180598485384580272e+02
-2.191183095624501220e+02
-2.201508573715600505e+02
-2.211572663993274546e+02
-2.221373144545195828e+02
-2.230907827616911163e+02
-2.240174560010855203e+02
-2.249171223483372160e+02
-2.257895735134479764e+02
-2.266346047793213074e+02
-2.274520150400694547e+02
-2.282416068381935474e+02
-2.290031864017864791e+02
-2.297365636812546654e+02
-2.304415523849902456e+02
-2.311179700149277778e+02
-2.317656379016461869e+02
-2.323843812384293415e+02
-2.329740291152666032e+02
-2.335344145521994506e+02
-2.340653745317722496e+02
-2.345667500312847551e+02
-2.350383860544925483e+02
-2.354801316623588718e+02
-2.358918400034613114e+02
-2.362733683439569177e+02
-2.366245780965746235e+02
-2.369453348494212150e+02
-2.372355083938423377e+02
-2.374949727517064275e+02
-2.377236062024635430e+02
-2.379212913090896109e+02
-2.380879149436132138e+02
-2.382233683119866328e+02
-2.383275469784944107e+02
-2.384003508892074024e+02
-2.384416843949684335e+02
-2.384514562739009307e+02
-2.384295797528211551e+02
-2.383759725283784974e+02
-2.382905567875523047e+02
-2.381732592271437170e+02
-2.380240110728445870e+02
-2.378427480976831703e+02
-2.376294106396151165e+02
-2.373839436186312923e+02
-2.371062965530534257e+02
-2.367964235750584976e+02
-2.364542834457984100e+02
-2.360798395696490388e+02
-2.356730600076748487e+02
-2.352339174906039716e+02
-2.347623894310004289e+02
-2.342584579346594182e+02
-2.337221098115110749e+02
-2.331533365856636237e+02
-2.325521345046567205e+02
-2.319185045482647922e+02
-2.312524524363688840e+02
-2.305539886361719937e+02
-2.298231283687379971e+02
-2.290598916148592821e+02
-2.282643031198865060e+02
-2.274363923984540179e+02
-2.265761937378914581e+02
-2.256837462009733599e+02
-2.247590936285613452e+02
-2.238022846407554880e+02
-2.228133726376514687e+02
-2.217924157993530798e+02
-2.207394770853950376e+02
-2.196546242331728536e+02
-2.185379297558188227e+02
-2.173894709392882305e+02
-2.162093298386716924e+02
-2.149975932739891959e+02
-2.137543528250416784e+02
-2.124797048255250047e+02
-2.111737503564872895e+02
-2.098365952392159670e+02
-2.084683500270143668e+02
-2.070691299966842962e+02
-2.056390551389549728e+02
-2.041782501482739463e+02
-2.026868444119904780e+02
-2.011649719987017306e+02
-1.996127716459650401e+02
-1.980303867470079240e+02
-1.964179653371902532e+02
-1.947756600793495636e+02
-1.931036282486238633e+02
-1.914020317164990956e+02
-1.896710369340603393e+02
-1.879108149148382836e+02
-1.861215412165570342e+02
-1.843033959223730562e+02
-1.824565636213901598e+02
-1.805812333885191947e+02
-1.786775987634960075e+02
-1.767458577293382405e+02
-1.747862126901227384e+02
-1.727988704478129875e+02
-1.707840421787695959e+02
-1.687419434093653763e+02
-1.666727939908741973e+02
-1.645768180737823059e+02
-1.624542440814066140e+02
-1.603053046827399157e+02
-1.581302367649068401e+02
-1.559292814045820705e+02
-1.537026838388510441e+02
-1.514506934357596037e+02
-1.491735636637131392e+02
-1.468715520604728226e+02
-1.445449202015033734e+02
-1.421939336676696257e+02
-1.398188620121954955e+02
-1.374199787272173126e+02
-1.349975612094249300e+02
-1.325518907251398559e+02
-1.300832523751687404e+02
-1.275919350584272252e+02
-1.250782314352991307e+02
-1.225424378904681362e+02
-1.199848544948954441e+02
-1.174057849673554301e+02
-1.148055366354155922e+02
-1.121844203957471109e+02
-1.095427506738260490e+02
-1.068808453831934457e+02
-1.041990258841169634e+02
-1.014976169415367622e+02
-9.877694668267758971e+01
-9.603734655393964204e+01
-9.327915127732831024e+01
-9.050269880640826159e+01
-8.770833028150627797e+01
-8.489638998467762576e+01
-8.206722529396847676e+01
-7.922118663723267673e+01
-7.635862744532369106e+01
-7.347990410501734004e+01
-7.058537591131516820e+01
-6.767540501912390027e+01
-6.475035639476755023e+01
-6.181059776674919704e+01
-5.885649957621171779e+01
-5.588843492691012216e+01
-5.290677953465819883e+01
-4.991191167644956295e+01
-4.690421213906029152e+01
-4.388406416722591530e+01
-4.085185341149826854e+01
-3.780796787555664196e+01
-3.475279786317969410e+01
-3.168673592485265544e+01
-2.861017680395343632e+01
-2.552351738251763891e+01
-2.242715662664068077e+01
-1.932149553168164857e+01
-1.620693706683596247e+01
-1.308388611947157187e+01
-9.952749439313265611e+00
-6.813935581990335777e+00
-3.667854852404161647e+00
-5.149192478747863788e-01
2.644457599236375245e+00
5.809860479036615288e+00
8.980872661905777932e+00
1.215707595675576158e+01
1.533805076933640521e+01
1.852337616089607764e+01
2.171262990719242225e+01
2.490538855762588355e+01
2.810122749462607317e+01
3.129972099335554958e+01
3.450044228159640625e+01
3.770296359967778699e+01
4.090685626094273175e+01
4.411169071217682358e+01
4.731703659421600605e+01
5.052246280282088264e+01
5.372753754973928153e+01
5.693182842377609632e+01
6.013490245213961316e+01
6.333632616208888066e+01
6.653566564217635459e+01
6.973248660420267697e+01
7.292635444506868225e+01
7.611683430855919141e+01
7.930349114744694816e+01
8.248588978562929697e+01
8.566359498024485220e+01
8.883617148394114338e+01
9.200318410734962526e+01
9.516419778114050132e+01
9.831877761867144727e+01
1.014664889783643957e+02
1.046068975260996012e+02
1.077395692977215731e+02
1.108640707614749772e+02
1.139799688804587277e+02
1.170868311750864450e+02
1.201842257856087599e+02
1.232717215341808696e+02
1.263488879874976192e+02
1.294152955189692875e+02
1.324705153709001024e+02
1.355141197166503844e+02
1.385456817227222928e+02
1.415647756106482120e+02
1.445709767189300692e+02
1.475638615648977066e+02
1.505430079059879063e+02
1.535079948016173148e+02
1.564584026744278162e+02
1.593938133714482319e+02
1.623138102251914461e+02
1.652179781145741799e+02
1.681059035255757408e+02
1.709771746118385636e+02
1.738313812551232331e+02
1.766681151250650146e+02
1.794869697395261028e+02
1.822875405241065891e+02
1.850694248715990398e+02
1.878322222013075589e+02
1.905755340179830455e+02
1.932989639705242553e+02
1.960021179105278861e+02
1.986846039506176567e+02
2.013460325218457001e+02
2.039860164318406532e+02
2.066041709219393852e+02
2.092001137241081778e+02
2.117734651177438536e+02
2.143238479859569452e+02
2.168508878715297215e+02
2.193542130328137318e+02
2.218334544989788810e+02
2.242882461247186257e+02
2.267182246451907304e+02
2.291230297300403436e+02
2.315023040373171170e+02
2.338556932668416266e+02
2.361828462132798450e+02
2.384834148187246683e+02
2.407570542249072787e+02
2.430034228250963224e+02
2.452221823151792250e+02
2.474129977447746569e+02
2.495755375676494623e+02
2.517094736916039892e+02
2.538144815280788862e+02
2.558902400412025600e+02
2.579364317962077848e+02
2.599527430077558847e+02
2.619388635874763622e+02
2.638944871907234528e+02
2.658193112635162834e+02
2.677130370884423769e+02
2.695753698302323755e+02
2.714060185806165464e+02
2.732046964028723437e+02
2.749711203757806288e+02
2.767050116368526460e+02
2.784060954252904594e+02
2.800741011239711042e+02
2.817087623013166535e+02
2.833098167523301072e+02
2.848770065389794581e+02
2.864100780301843088e+02
2.879087819411108740e+02
2.893728733717155137e+02
2.908021118450847098e+02
2.921962613448743014e+02
2.935550903517664665e+02
2.948783718801469149e+02
2.961658835135117442e+02
2.974174074394231866e+02
2.986327304837127485e+02
2.998116441442530231e+02
3.009539446238650271e+02
3.020594328627548748e+02
3.031279145702283131e+02
3.041592002552683880e+02
3.051531052574273417e+02
3.061094497761114326e+02
3.070280588996220104e+02
3.079087626334398919e+02
3.087513959277489448e+02
3.095557987042534478e+02
3.103218158826093713e+02
3.110492974056660387e+02
3.117380982640552247e+02
3.123880785206001747e+02
3.129991033333380983e+02
3.135710429783721338e+02
3.141037728714682089e+02
3.145971735892735524e+02
3.150511308897903291e+02
3.154655357319934410e+02
3.158402842948289617e+02
3.161752779951739285e+02
3.164704235054841774e+02
3.167256327704608339e+02
3.169408230228691536e+02
3.171159167987934779e+02
3.172508419520436291e+02
3.173455316677636802e+02
3.173999244754068059e+02
3.174139642609106886e+02
3.173876002778670227e+02
3.173207871582981170e+02
3.172134849224848949e+02
3.170656589878853993e+02
3.168772801775330663e+02
3.166483247275364192e+02
3.163787742937101939e+02
3.160686159576634964e+02
3.157178422319593665e+02
3.153264510643421090e+02
3.148944458415007830e+02
3.144218353919059155e+02
3.139086339878631406e+02
3.133548613466064126e+02
3.127605426309346512e+02
3.121257084489207045e+02
3.114503948527271859e+02
3.107346433368802536e+02
3.099785008353719604e+02
3.091820197183933487e+02
3.083452577881980687e+02
3.074682782738636888e+02
3.065511498255946208e+02
3.055939465082283277e+02
3.045967477936701471e+02
3.035596385529715917e+02
3.024827090475009754e+02
3.013660549187843571e+02
3.002097771783464850e+02
2.990139821965876763e+02
2.977787816905383806e+02
2.965042927110662276e+02
2.951906376293081848e+02
2.938379441223660251e+02
2.924463451582341804e+02
2.910159789798744896e+02
2.895469890885124187e+02
2.880395242262657121e+02
2.864937383580218011e+02
2.849097906524439168e+02
2.832878454623041762e+02
2.816280723041854799e+02
2.799306458370174369e+02
2.781957458403467172e+02
2.764235571916942718e+02
2.746142698429757729e+02
2.727680787964818592e+02
2.708851840799870843e+02
2.689657907210512349e+02
2.670101087207094679e+02
2.650183530264694127e+02
2.629907435043114674e+02
2.609275049106108781e+02
2.588288668625355058e+02
2.566950638080761564e+02
2.545263349958386243e+02
2.523229244433787244e+02
2.500850809053190460e+02
2.478130578404889093e+02
2.455071133787641884e+02
2.431675102868211980e+02
2.407945159333885385e+02
2.383884022540205478e+02
2.359494457146902278e+02
2.334779272752639372e+02
2.309741323521448066e+02
2.284383507800412190e+02
2.258708767733369314e+02
2.232720088867972663e+02
2.206420499755258788e+02
2.179813071545213461e+02
2.152900917572442268e+02
2.125687192938494263e+02
2.098175094088765036e+02
2.070367858380341204e+02
2.042268763646825391e+02
2.013881127754211775e+02
1.985208308154396946e+02
1.956253701430141518e+02
1.927020742835520650e+02
1.897512905831645185e+02
1.867733701613396988e+02
1.837686678634636337e+02
1.807375422126424382e+02
1.776803553608406219e+02
1.745974730397065287e+02
1.714892645107938733e+02
1.683561025151466310e+02
1.651983632226729242e+02
1.620164261807185540e+02
1.588106742621530429e+02
1.555814936132956063e+02
1.523292736010153021e+02
1.490544067595037632e+02
1.457572887365131464e+02
1.424383182392775780e+02
1.390978969798961771e+02
1.357364296201449179e+02
1.323543237162048172e+02
1.289519896625861293e+02
1.255298406358051579e+02
1.220882925377627544e+02
1.186277639385225484e+02
1.151486760187981417e+02
1.116514525121237966e+02
1.081365196463993925e+02
1.046043060854135547e+02
1.010552428697883443e+02
9.748976335760380607e+01
9.390830316473147832e+01
9.031130010474589653e+01
8.669919412871240638e+01
8.307242726440381375e+01
7.943144355538242962e+01
7.577668899974014494e+01
7.210861148856929503e+01
6.842766074413157185e+01
6.473428825773589779e+01
6.102894722736164113e+01
5.731209249522362370e+01
5.358418048472594819e+01
4.984566913747403305e+01
4.609701784999924712e+01
4.233868741018522996e+01
3.857113993360326276e+01
3.479483879961480852e+01
3.101024858723030775e+01
2.721783501080790302e+01
2.341806485571214580e+01
1.961140591363437125e+01
1.579832691791307298e+01
1.197929747858142946e+01
8.154788017407554435e+00
4.325269702745572431e+00
4.912143843030207790e-01
-3.346905472186335828e+00
-7.188616850442485884e+00
-1.103344624910096172e+01
-1.488091974732014933e+01
-1.873056307039587409e+01
-2.258190165548876394e+01
-2.643446071737707825e+01
-3.028776531417315709e+01
-3.414134041315992363e+01
-3.799471095659100683e+01
-4.184740192748358822e+01
-4.569893841545126634e+01
-4.954884568251145538e+01
-5.339664922876545461e+01
-5.724187485821676091e+01
-6.108404874441475840e+01
-6.492269749608749407e+01
-6.875734822274534963e+01
-7.258752860010281438e+01
-7.641276693554391386e+01
-8.023259223346758517e+01
-8.404653426044023945e+01
-8.785412361028284067e+01
-9.165489176915070857e+01
-9.544837118031136924e+01
-9.923409530888238805e+01
-1.030115987063509237e+02
-1.067804170749950572e+02
-1.105400873322068946e+02
-1.142901476744555112e+02
-1.180301376410789089e+02
-1.217595981781014416e+02
-1.254780717017019924e+02
-1.291851021612892509e+02
-1.328802351026861288e+02
-1.365630177308848943e+02
-1.402329989725367341e+02
-1.438897295382412267e+02
-1.475327619846939342e+02
-1.511616507763974369e+02
-1.547759523469794658e+02
-1.583752251605947095e+02
-1.619590297727336292e+02
-1.655269288908348244e+02
-1.690784874344826676e+02
-1.726132725953721092e+02
-1.761308538970224618e+02
-1.796308032539891428e+02
-1.831126950307334482e+02
-1.865761061001467169e+02
-1.900206159019471670e+02
-1.934458065002945659e+02
-1.968512626412484678e+02
-2.002365718099026708e+02
-2.036013242869921669e+02
-2.069451132049871376e+02
-2.102675346040450677e+02
-2.135681874874571804e+02
-2.168466738763308967e+02
-2.201025988642941229e+02
-2.233355706715301494e+02
-2.265452006984087348e+02
-2.297311035784368869e+02
-2.328928972310095560e+02
-2.360302029137310456e+02
-2.391426452739797242e+02
-2.422298523999597819e+02
-2.452914558715310704e+02
-2.483270908105077979e+02
-2.513363959299967973e+02
-2.543190135838303831e+02
-2.572745898149769346e+02
-2.602027744035585783e+02
-2.631032209144923399e+02
-2.659755867444273463e+02
-2.688195331682054530e+02
-2.716347253843214276e+02
-2.744208325606050494e+02
-2.771775278786517447e+02
-2.799044885779294418e+02
-2.826013959994361358e+02
-2.852679356283297238e+02
-2.879037971362340613e+02
-2.905086744231903140e+02
-2.930822656584623473e+02
-2.956242733209037397e+02
-2.981344042389773676e+02
-3.006123696297145216e+02
-3.030578851374466467e+02
-3.054706708712874388e+02
-3.078504514426731475e+02
-3.101969560022189398e+02
-3.125099182747162558e+02
-3.147890765950924106e+02
-3.170341739428768051e+02
-3.192449579757794709e+02
-3.214211810632168635e+02
-3.235626003184606816e+02
-3.256689776307521242e+02
-3.277400796964702749e+02
-3.297756780489889934e+02
-3.317755490890049259e+02
-3.337394741134812648e+02
-3.356672393434528203e+02
-3.375586359519784310e+02
-3.394134600908855646e+02
-3.412315129170492582e+02
-3.430126006173122732e+02
-3.447565344335253030e+02
-3.464631306867649982e+02
-3.481322107995747501e+02
-3.497636013191586244e+02
-3.513571339389927743e+02
-3.529126455194109440e+02
-3.544299781082208938e+02
-3.559089789595345792e+02
-3.573495005531203788e+02
-3.587514006122091814e+02
-3.601145421198052645e+02
-3.614387933360994793e+02
-3.627240278138433496e+02
-3.639701244127354585e+02
-3.651769673138851431e+02
-3.663444460330201764e+02
-3.674724554331924082e+02
-3.685608957360582281e+02
-3.696096725332436108e+02
-3.706186967966295924e+02
-3.715878848874253890e+02
-3.725171585649231929e+02
-3.734064449942752617e+02
-3.742556767538635540e+02
-3.750647918412523723e+02
-3.758337336788035827e+02
-3.765624511182450078e+02
-3.772508984448950287e+02
-3.778990353804174447e+02
-3.785068270853716967e+02
-3.790742441611146205e+02
-3.796012626497113160e+02
-3.800878640346891189e+02
-3.805340352398688992e+02
-3.809397686278780384e+02
-3.813050619978689610e+02
-3.816299185822181244e+02
-3.819143470423832696e+02
-3.821583614646106071e+02
-3.823619813543600685e+02
-3.825252316295641322e+02
-3.826481426140676376e+02
-3.827307500294382407e+02
-3.827730949866345327e+02
-3.827752239761653072e+02
-3.827371888582053998e+02
-3.826590468520196282e+02
-3.825408605232605623e+02
-3.823826977722401352e+02
-3.821846318205743955e+02
-3.819467411968903434e+02
-3.816691097222764029e+02
-3.813518264945101919e+02
-3.809949858720035536e+02
-3.805986874567113887e+02
-3.801630360758940128e+02
-3.796881417641043299e+02
-3.791741197438764175e+02
-3.786210904050797126e+02
-3.780291792847294801e+02
-3.773985170452048692e+02
-3.767292394521388132e+02
-3.760214873511109772e+02
-3.752754066441762006e+02
-3.744911482657257693e+02
-3.736688681568466563e+02
-3.728087272393629519e+02
-3.719108913897489401e+02
-3.709755314117714988e+02
-3.700028230082189111e+02
-3.689929467522174491e+02
-3.679460880582364553e+02
-3.668624371519244960e+02
-3.657421890390028238e+02
-3.645855434740387864e+02
-3.633927049286908186e+02
-3.621638825586114763e+02
-3.608992901699507456e+02
-3.595991461856165188e+02
-3.582636736103413568e+02
-3.568930999950671321e+02
-3.554876574015788719e+02
-3.540475823651677274e+02
-3.525731158576909365e+02
-3.510645032497805005e+02
-3.495219942718158563e+02
-3.479458429755031830e+02
-3.463363076935893332e+02
-3.446936509995239248e+02
-3.430181396668895104e+02
-3.413100446277876472e+02
-3.395696409303718610e+02
-3.377972076963624204e+02
-3.359930280780981775e+02
-3.341573892144187994e+02
-3.322905821863323581e+02
-3.303929019721417717e+02
-3.284646474020410096e+02
-3.265061211120118969e+02
-3.245176294976072313e+02
-3.224994826664942593e+02
-3.204519943911900555e+02
-3.183754820611202376e+02
-3.162702666336062975e+02
-3.141366725854968536e+02
-3.119750278630890534e+02
-3.097856638325192762e+02
-3.075689152289232879e+02
-3.053251201059083542e+02
-3.030546197841613321e+02
-3.007577587991072505e+02
-2.984348848493955302e+02
-2.960863487439182791e+02
-2.937125043484229536e+02
-2.913137085324342479e+02
-2.888903211153156008e+02
-2.864427048116722290e+02
-2.839712251769014983e+02
-2.814762505521266576e+02
-2.789581520084775548e+02
-2.764173032917587989e+02
-2.738540807659719576e+02
-2.712688633568195655e+02
-2.686620324950636132e+02
-2.660339720592601225e+02
-2.633850683181372005e+02
-2.607157098730658618e+02
-2.580262875998996606e+02
-2.553171945904487075e+02
-2.525888260939409520e+02
-2.498415794580450893e+02
-2.470758540697715944e+02
-2.442920512958589825e+02
-2.414905744231509743e+02
-2.386718285985825787e+02
-2.358362207691807271e+02
-2.329841596214791934e+02
-2.301160555208625738e+02
-2.272323204510630603e+02
-2.243333679528914217e+02
-2.214196130630843982e+02
-2.184914722530975268e+02
-2.155493633674632292e+02
-2.125937055620142928e+02
-2.096249192423547356e+02
-2.066434260015776090e+02
-2.036496485583575122e+02
-2.006440106947866298e+02
-1.976269371937924006e+02
-1.945988537770954281e+02
-1.915601870424125082e+02
-1.885113644009852578e+02
-1.854528140148886450e+02
-1.823849647343977267e+02
-1.793082460351160989e+02
-1.762230879550897953e+02
-1.731299210321994906e+02
-1.700291762411652599e+02
-1.669212849304876727e+02
-1.638066787597799703e+02
-1.606857896369347145e+02
-1.575590496549593809e+02
-1.544268910293794761e+02
-1.512897460353360657e+02
-1.481480469447233190e+02
-1.450022259636298259e+02
-1.418527151695325301e+02
-1.386999464488162630e+02
-1.355443514341168338e+02
-1.323863614420642989e+02
-1.292264074107988563e+02
-1.260649198378196161e+02
-1.229023287179225008e+02
-1.197390634811436030e+02
-1.165755529309299163e+02
-1.134122251824810519e+02
-1.102495076011527999e+02
-1.070878267411280831e+02
-1.039276082841915922e+02
-1.007692769785917335e+02
-9.761325657840279746e+01
-9.445996978272887645e+01
-9.130983817527885549e+01
-8.816328216423062258e+01
-8.502072092216621968e+01
-8.188257232635805849e+01
-7.874925289923339733e+01
-7.562117774912985624e+01
-7.249876051127284882e+01
-6.938241328908407013e+01
-6.627254659569371142e+01
-6.316956929577281699e+01
-6.007388854775490472e+01
-5.698590974614853621e+01
-5.390603646430827212e+01
-5.083467039757306338e+01
-4.777221130669931881e+01
-4.471905696143221576e+01
-4.167560308472093311e+01
-3.864224329713761108e+01
-3.561936906167829875e+01
-3.260736962888040580e+01
-2.960663198242764338e+01
-2.661754078512967681e+01
-2.364047832510914304e+01
-2.067582446267624618e+01
-1.772395657744709752e+01
-1.478524951581857749e+01
-1.186007553903618827e+01
-8.948804271603876259e+00
-6.051802650166791864e+00
-3.169434872736019315e+00
-3.020623484808311332e-01
2.549956351918808650e+00
5.386265545770584140e+00
8.206512487100553699e+00
1.101034741492549074e+01
1.379742360125237610e+01
1.656739739831391489e+01
1.931992828548754915e+01
2.205467891562147997e+01
2.477131516079316498e+01
2.746950615770765580e+01
3.014892435237925383e+01
3.280924554435114260e+01
3.545014893049301463e+01
3.807131714796923916e+01
4.067243631693781936e+01
4.325319608250356396e+01
4.581328965618376969e+01
4.835241385682093096e+01
5.087026915079695755e+01
5.336655969176717917e+01
5.584099335975770373e+01
5.829328179972799262e+01
6.072314045948587591e+01
6.313028862698774901e+01
6.551444946689662174e+01
6.787535005685640499e+01
7.021272142292582430e+01
7.252629857425199589e+01
7.481582053742749849e+01
7.708103038990884670e+01
7.932167529301659670e+01
8.153750652425151202e+01
8.372827950869032065e+01
8.589375385025778087e+01
8.803369336180912796e+01
9.014786609471775591e+01
9.223604436813184293e+01
9.429800479701589211e+01
9.633352831978299946e+01
9.834240022535232129e+01
1.003244101794007292e+02
1.022793522498795937e+02
1.042070249318294373e+02
1.061072311717034609e+02
1.079797783909161808e+02
1.098244785083879833e+02
1.116411479628732195e+02
1.134296077342551143e+02
1.151896833642076672e+02
1.169212049762209062e+02
1.186240072948057787e+02
1.202979296641351539e+02
1.219428160656680120e+02
1.235585151354516711e+02
1.251448801805127005e+02
1.267017691943983664e+02
1.282290448720032146e+02
1.297265746241264424e+02
1.311942305907305126e+02
1.326318896535740350e+02
1.340394334484408319e+02
1.354167483763321798e+02
1.367637256141024409e+02
1.380802611240687838e+02
1.393662556633189524e+02
1.406216147919021751e+02
1.418462488804634631e+02
1.430400731171484949e+02
1.442030075137372478e+02
1.453349769109063345e+02
1.464359109829474619e+02
1.475057442418165010e+02
1.485444160401184490e+02
1.495518705735921685e+02
1.505280568827674870e+02
1.514729288539037952e+02
1.523864452193811303e+02
1.532685695569325617e+02
1.541192702884836763e+02
1.549385206782026216e+02
1.557262988296188269e+02
1.564825876822796999e+02
1.572073750076724536e+02
1.579006534039162943e+02
1.585624202902508841e+02
1.591926779009827442e+02
1.597914332778200333e+02
1.603586982622528012e+02
1.608944894872347504e+02
1.613988283673807018e+02
1.618717410892440967e+02
1.623132586007941427e+02
1.627234165994050272e+02
1.631022555200834177e+02
1.634498205226427672e+02
1.637661614777025534e+02
1.640513329528475879e+02
1.643053941974740155e+02
1.645284091268677003e+02
1.647204463061225397e+02
1.648815789329783001e+02
1.650118848198944761e+02
1.651114463756148325e+02
1.651803505862390011e+02
1.652186889950571640e+02
1.652265576821646391e+02
1.652040572434761998e+02
1.651512927685671457e+02
1.650683738182196976e+02
1.649554144014655321e+02
1.648125329514004989e+02
1.646398523008701886e+02
1.644374996575097612e+02
1.642056065774031595e+02
1.639443089391916146e+02
1.636537469169143151e+02
1.633340649519395811e+02
1.629854117249687988e+02
1.626079401272654650e+02
1.622018072306073009e+02
1.617671742572183575e+02
1.613042065494701092e+02
1.608130735378927056e+02
1.602939487094172364e+02
1.597470095750868495e+02
1.591724376363636111e+02
1.585704183517627825e+02
1.579411411026958376e+02
1.572847991580329108e+02
1.566015896391018032e+02
1.558917134837920457e+02
1.551553754095511977e+02
1.543927838766267087e+02
1.536041510505492624e+02
1.527896927635811153e+02
1.519496284763790754e+02
1.510841812388152903e+02
1.501935776498994528e+02
1.492780478178628982e+02
1.483378253195605794e+02
1.473731471589107969e+02
1.463842537254495255e+02
1.453713887522044388e+02
1.443347992727740348e+02
1.432747355784231331e+02
1.421914511747600045e+02
1.410852027372493467e+02
1.399562500669253495e+02
1.388048560458355496e+02
1.376312865911877452e+02
1.364358106099280121e+02
1.352186999527466469e+02
1.339802293670300060e+02
1.327206764503052909e+02
1.314403216029768373e+02
1.301394479800737827e+02
1.288183414436371095e+02
1.274772905142581294e+02
1.261165863217393053e+02
1.247365225564562934e+02
1.233373954197913918e+02
1.219195035738330262e+02
1.204831480914963322e+02
1.190286324062890344e+02
1.175562622609759273e+02
1.160663456566080640e+02
1.145591928014728182e+02
1.130351160588188577e+02
1.114944298952477766e+02
1.099374508285864067e+02
1.083644973748332632e+02
1.067758899958780603e+02
1.051719510465509302e+02
1.035530047208267206e+02
1.019193769988723943e+02
1.002713955932849785e+02
9.860938989482565376e+01
9.693369091877593746e+01
9.524463125052716350e+01
9.354254499072612816e+01
9.182776770107011544e+01
9.010063634950074629e+01
8.836148925468933157e+01
8.661066603140443476e+01
8.484850753530827205e+01
8.307535580699641287e+01
8.129155401692514715e+01
7.949744640986955346e+01
7.769337824858848762e+01
7.587969575850456749e+01
7.405674607180390012e+01
7.222487717085186887e+01
7.038443783281945798e+01
6.853577757312086760e+01
6.667924658901938528e+01
6.481519570400996599e+01
6.294397631117499259e+01
6.106594031669374090e+01
5.918144008382751053e+01
5.729082837661735539e+01
5.539445830321892572e+01
5.349268325996763451e+01
5.158585687483991933e+01
4.967433295110095059e+01
4.775846541144073854e+01
4.583860824158637115e+01
4.391511543385786354e+01
4.198834093144614599e+01
4.005863857252916205e+01
3.812636203379406652e+01
3.619186477522907808e+01
3.425549998400310869e+01
3.231762051865644025e+01
3.037857885416360659e+01
2.843872702615590242e+01
2.649841657555316488e+01
2.455799849365394039e+01
2.261782316718654329e+01
2.067824032319640537e+01
1.873959897467648261e+01
1.680224736613308778e+01
1.486653291888887907e+01
1.293280217734081816e+01
1.100140075515537319e+01
9.072673281035349646e+00
7.146963345643598586e+00
5.224613448483069078e+00
3.305964944313927845e+00
1.391357990984943171e+00
-5.188685034527225071e-01
-2.424376933197891049e+00
-4.324831046200415585e+00
-6.219895996178820496e+00
-8.109238394197745947e+00
-9.992526359726980445e+00
-1.186942957139399368e+01
-1.373961931788107904e+01
-1.560276854772473598e+01
-1.745855191958708019e+01
-1.930664585202157468e+01
-2.114672857224559266e+01
-2.297848016525676940e+01
-2.480158262278200709e+01
-2.661571989118783677e+01
-2.842057791913885012e+01
-3.021584470564994263e+01
-3.200121034659332508e+01
-3.377636708180398273e+01
-3.554100934153029812e+01
-3.729483379183693614e+01
-3.903753938052614103e+01
-4.076882738222684566e+01
-4.248840144298537780e+01
-4.419596762452874827e+01
-4.589123444826418563e+01
-4.757391293828914058e+01
-4.924371666465322050e+01
-5.090036178595710226e+01
-5.254356709087915078e+01
-5.417305404012131476e+01
-5.578854680745007499e+01
-5.738977232021898089e+01
-5.897646029949555668e+01
-6.054834329988261743e+01
-6.210515674823636800e+01
-6.364663898264643649e+01
-6.517253129070286377e+01
-6.668257794660257787e+01
-6.817652624843231024e+01
-6.965412655507589079e+01
-7.111513232194738521e+01
-7.255930013633496856e+01
-7.398638975282938191e+01
-7.539616412723535177e+01
-7.678838945075494848e+01
-7.816283518336240377e+01
-7.951927408619576454e+01
-8.085748225402767275e+01
-8.217723914679208974e+01
-8.347832762065991119e+01
-8.476053395846429339e+01
-8.602364789967123215e+01
-8.726746266940517671e+01
-8.849177500741552649e+01
-8.969638519628188078e+01
-9.088109708852334734e+01
-9.204571813362963439e+01
-9.319005940465740423e+01
-9.431393562368975836e+01
-9.541716518671273661e+01
-9.649957018849909218e+01
-9.756097644601231877e+01
-9.860121352185797150e+01
-9.962011474695373181e+01
-1.006175172421435491e+02
-1.015932619397481176e+02
-1.025471936041813024e+02
-1.034791608520499722e+02
-1.043890161715034992e+02
-1.052766159410057298e+02
-1.061418204472820435e+02
-1.069844939029653688e+02
-1.078045044635118757e+02
-1.086017242429779799e+02
-1.093760293297809767e+02
-1.101272998014610494e+02
-1.108554197389157707e+02
-1.115602772398351590e+02
-1.122417644317401937e+02
-1.128997774838262558e+02
-1.135342166186910617e+02
-1.141449861234541459e+02
-1.147319943594538927e+02
-1.152951537720045962e+02
-1.158343808993813582e+02
-1.163495963807345106e+02
-1.168407249637239147e+02
-1.173076955115629971e+02
-1.177504410087494762e+02
-1.181688985668661189e+02
-1.185630094293719594e+02
-1.189327189756004373e+02
-1.192779767244337563e+02
-1.195987363368549268e+02
-1.198949556182942615e+02
-1.201665965199827042e+02
-1.204136251398249442e+02
-1.206360117222648114e+02
-1.208337306578414427e+02
-1.210067604822252179e+02
-1.211550838739076426e+02
-1.212786876516602206e+02
-1.213775627716513554e+02
-1.214517043231862772e+02
-1.215011115240995423e+02
-1.215257877159019699e+02
-1.215257403574232740e+02
-1.215009810184819798e+02
-1.214515253725803632e+02
-1.213773931890409585e+02
-1.212786083245318878e+02
-1.211551987136190291e+02
-1.210071963591926760e+02
-1.208346373219137604e+02
-1.206375617088779109e+02
-1.204160136619466357e+02
-1.201700413453163492e+02
-1.198996969324471138e+02
-1.196050365922601486e+02
-1.192861204748205637e+02
-1.189430126963598013e+02
-1.185757813235759386e+02
-1.181844983575392689e+02
-1.177692397167447780e+02
-1.173300852195552579e+02
-1.168671185661405616e+02
-1.163804273197965813e+02
-1.158701028875584598e+02
-1.153362405002735613e+02
-1.147789391921287461e+02
-1.141983017793281761e+02
-1.135944348385764897e+02
-1.129674486846888612e+02
-1.123174573475735087e+02
-1.116445785488213005e+02
-1.109489336776186974e+02
-1.102306477661622921e+02
-1.094898494643857703e+02
-1.087266710140429495e+02
-1.079412482226289285e+02
-1.071337204363680939e+02
-1.063042305127546570e+02
-1.054529247925111122e+02
-1.045799530710646650e+02
-1.036854685696634988e+02
-1.027696279055544437e+02
-1.018325910619678325e+02
-1.008745213574220543e+02
-9.989558541458609398e+01
-9.889595312867095345e+01
-9.787579763518078835e+01
-9.683529527730752307e+01
-9.577462557268518140e+01
-9.469397117974949651e+01
-9.359351786381012062e+01
-9.247345446226790955e+01
-9.133397284943202976e+01
-9.017526790125157277e+01
-8.899753745923953829e+01
-8.780098229400573473e+01
-8.658580606836767402e+01
-8.535221529996306344e+01
-8.410041932369676942e+01
-8.283063025348565134e+01
-8.154306294360685570e+01
-8.023793494969686435e+01
-7.891546648944313347e+01
-7.757588040277005348e+01
-7.621940211151741096e+01
-7.484625957907337579e+01
-7.345668326922350388e+01
-7.205090610482329794e+01
-7.062916342641801748e+01
-6.919169294992207142e+01
-6.773873472415652941e+01
-6.627053108836662432e+01
-6.478732662910988438e+01
-6.328936813670225092e+01
-6.177690456166055810e+01
-6.025018697060477280e+01
-5.870946850194741273e+01
-5.715500432134285802e+01
-5.558705157673102804e+01
-5.400586935299543256e+01
-5.241171862670125847e+01
-5.080486222038234700e+01
-4.918556475631157809e+01
-4.755409261045315361e+01
-4.591071386588373571e+01
-4.425569826608625590e+01
-4.258931716807637713e+01
-4.091184349518880481e+01
-3.922355168953436078e+01
-3.752471766463349923e+01
-3.581561875763873104e+01
-3.409653368109684379e+01
-3.236774247511675640e+01
-3.062952645885889069e+01
-2.888216818199180125e+01
-2.712595137631433317e+01
-2.536116090682116919e+01
-2.358808272255009797e+01
-2.180700380792768556e+01
-2.001821213334005733e+01
-1.822199660571277491e+01
-1.641864701957456418e+01
-1.460845400703692576e+01
-1.279170898829579528e+01
-1.096870412244606996e+01
-9.139732257151990780e+00
-7.305086878806832829e+00
-5.465062063247387414e+00
-3.619952425407973351e+00
-1.770053069159985171e+00
8.434046211186796427e-02
1.942932235979242250e+00
3.805425981050575501e+00
5.671525136527634459e+00
7.540932902651547920e+00
9.413352290794136934e+00
1.128848617317089520e+01
1.316603733302144974e+01
1.504570851469725312e+01
1.692720247315992310e+01
1.881022202427993761e+01
2.069447009459327091e+01
2.257964977069786983e+01
2.446546434919036983e+01
2.635161738646274898e+01
2.823781274774046324e+01
3.012375465662626084e+01
3.200914774480588676e+01
3.389369710063692764e+01
3.577710831839794992e+01
3.765908754752126697e+01
3.953934154093985853e+01
4.141757770381627779e+01
4.329350414242617262e+01
4.516682971190857643e+01
4.703726406461282750e+01
4.890451769849278207e+01
5.076830200413314742e+01
5.262832931287812244e+01
5.448431294430338312e+01
5.633596725280767714e+01
5.818300767497203196e+01
6.002515077656062203e+01
6.186211429842660436e+01
6.369361720302549656e+01
6.551937972087580420e+01
6.733912339546623116e+01
6.915257112935796613e+01
7.095944722955573525e+01
7.275947745165103697e+01
7.455238904525504040e+01
7.633791079841830651e+01
7.811577308087544225e+01
7.988570788864853967e+01
8.164744888734458073e+01
8.340073145487440343e+01
8.514529272468280396e+01
8.688087162824012921e+01
8.774638296860879905e+01
