1.255679679328750353e+02
1.267400151118745271e+02
1.290771314471749065e+02
1.314001192900650494e+02
1.337086351689977164e+02
1.360023384843298118e+02
1.382808915624882502e+02
1.405439597102486005e+02
1.427912112681588042e+02
1.450223176630170201e+02
1.472369534604767978e+02
1.494347964167827740e+02
1.516155275295386673e+02
1.537788310885571263e+02
1.559243947257727996e+02
1.580519094643095741e+02
1.601610697673859249e+02
1.622515735865054012e+02
1.643231224085429858e+02
1.663754213028751110e+02
1.684081789675292384e+02
1.704211077744294016e+02
1.724139238145344279e+02
1.743863469420393812e+02
1.763381008175329043e+02
1.782689129512364161e+02
1.801785147450391378e+02
1.820666415337291255e+02
1.839330326260005677e+02
1.857774313444988366e+02
1.875995850648723717e+02
1.893992452547026915e+02
1.911761675113320962e+02
1.929301115987655066e+02
1.946608414843813080e+02
1.963681253745726281e+02
1.980517357494354656e+02
1.997114493971876072e+02
2.013470474476271193e+02
2.029583154044448747e+02
2.045450431774370372e+02
2.061070251136115985e+02
2.076440600272126176e+02
2.091559512295589229e+02
2.106425065578023350e+02
2.121035384026108659e+02
2.135388637356663821e+02
2.149483041359762865e+02
2.163316858151611086e+02
2.176888396425565588e+02
2.190196011691223248e+02
2.203238106502794835e+02
2.216013130685150827e+02
2.228519581548971473e+02
2.240756004094309901e+02
2.252720991212208901e+02
2.264413183874312381e+02
2.275831271312054014e+02
2.286973991192717222e+02
2.297840129784926830e+02
2.308428522111935308e+02
2.318738052102271467e+02
2.328767652730366535e+02
2.338516306144447299e+02
2.347983043792337412e+02
2.357166946535107854e+02
2.366067144751086744e+02
2.374682818435067020e+02
2.383013197286763898e+02
2.391057560789067793e+02
2.398815238281749771e+02
2.406285609024471341e+02
2.413468102248607465e+02
2.420362197205795383e+02
2.426967423205060186e+02
2.433283359638990078e+02
2.439309636006473738e+02
2.445045931923941680e+02
2.450491977125857375e+02
2.455647551461588591e+02
2.460512484881601267e+02
2.465086657411357010e+02
2.469369999123246089e+02
2.473362490096042166e+02
2.477064160364516283e+02
2.480475089864667098e+02
2.483595408368400967e+02
2.486425295406952500e+02
2.488964980191049108e+02
2.491214741520543612e+02
2.493174907681013792e+02
2.494845856340525643e+02
2.496228014431981137e+02
2.497321858026889458e+02
2.498127912204836321e+02
2.498646750911848358e+02
2.498878996809735327e+02
2.498825321118783904e+02
2.498486443453575703e+02
2.497863131645617614e+02
2.496956201563480136e+02
2.495766516922449227e+02
2.494294989083427936e+02
2.492542576848918543e+02
2.490510286247117619e+02
2.488199170309899273e+02
2.485610328841639785e+02
2.482744908181120991e+02
2.479604100954593378e+02
2.476189145822554565e+02
2.472501327217933067e+02
2.468541975074595030e+02
2.464312464552976962e+02
2.459814215752376185e+02
2.455048693420267227e+02
2.450017406652223144e+02
2.444721908583624099e+02
2.439163796074899437e+02
2.433344709390357821e+02
2.427266331867895133e+02
2.420930389582154021e+02
2.414338651002262850e+02
2.407492926637610253e+02
2.400395068683028512e+02
2.393046970652708296e+02
2.385450567007851532e+02
2.377607832777794101e+02
2.369520783175194083e+02
2.361191473203871283e+02
2.352621997258429474e+02
2.343814488720831832e+02
2.334771119546271620e+02
2.325494099846437166e+02
2.315985677464191212e+02
2.306248137541929282e+02
2.296283802084753916e+02
2.286095029517068724e+02
2.275684214232874183e+02
2.265053786140510965e+02
2.254206210202105467e+02
2.243143985963902196e+02
2.231869647085879933e+02
2.220385760862486677e+02
2.208694927737599301e+02
2.196799780815890699e+02
2.184702985367625843e+02
2.172407238328012227e+02
2.159915267791304814e+02
2.147229832501479905e+02
2.134353721334711054e+02
2.121289752779644004e+02
2.108040774412091878e+02
2.094609662363344000e+02
2.080999320786326621e+02
2.067212681315692180e+02
2.053252702522972584e+02
2.039122369368442946e+02
2.024824692648768689e+02
2.010362708438444201e+02
1.995739477529953092e+02
1.980958084867936861e+02
1.966021638979459851e+02
1.950933271402050195e+02
1.935696136105872256e+02
1.920313408913689273e+02
1.904788286917270170e+02
1.889123987889780665e+02
1.873323749694369553e+02
1.857390829691155432e+02
1.841328504139855795e+02
1.825140067599372742e+02
1.808828832325355052e+02
1.792398127663504965e+02
1.775851299441333140e+02
1.759191709357621676e+02
1.742422734368126385e+02
1.725547766068916644e+02
1.708570210079071785e+02
1.691493485419641729e+02
1.674321023890549895e+02
1.657056269446636634e+02
1.639702677570680862e+02
1.622263714645191612e+02
1.604742857322471536e+02
1.587143591893313896e+02
1.569469413653719130e+02
1.551723826270781501e+02
1.533910341147393410e+02
1.516032476785239851e+02
1.498093758147456356e+02
1.480097716020068219e+02
1.462047886372683934e+02
1.443947809718383724e+02
1.425801030473280662e+02
1.407611096315581563e+02
1.389381557544134012e+02
1.371115966436695999e+02
1.352817876608323786e+02
1.334490842369764323e+02
1.316138418085452031e+02
1.297764157532292302e+02
1.279371613258322213e+02
1.260964335941998797e+02
1.242545873752214902e+02
1.224119771708278677e+02
1.205689571041175441e+02
1.187258808555925498e+02
1.168831015994105655e+02
1.150409719397898698e+02
1.131998438475843614e+02
1.113600685968690414e+02
1.095219967017355884e+02
1.076859778532789278e+02
1.058523608566629264e+02
1.040214935683734438e+02
1.021937228337301349e+02
1.003693944244878367e+02
9.854885297666260158e+01
9.673244192869606195e+01
9.492050345965890301e+01
9.311337842777447804e+01
9.131140630925256119e+01
8.951492513728317135e+01
8.772427144129414955e+01
8.593978018661982787e+01
8.416178471425519092e+01
8.239061668104932323e+01
8.062660600023446023e+01
7.887008078210237727e+01
7.712136727516735846e+01
7.538078980766840687e+01
7.364867072927700065e+01
7.192533035324231605e+01
7.021108689906941436e+01
6.850625643523653707e+01
6.681115282254813792e+01
6.512608765790628240e+01
6.345137021825121337e+01
6.178730740520859399e+01
6.013420368994229648e+01
5.849236105851832690e+01
5.686207895781626576e+01
5.524365424171173800e+01
5.363738111775728612e+01
5.204355109455354977e+01
5.046245292931507720e+01
4.889437257603458420e+01
4.733959313419745740e+01
4.579839479798920365e+01
4.427105480597401765e+01
4.275784739122718747e+01
4.125904373227967881e+01
3.977491190424098022e+01
3.830571683071048028e+01
3.685172023626728333e+01
3.541318059927834838e+01
3.399035310556973855e+01
3.258348960259627347e+01
3.119283855401954497e+01
2.981864499508719746e+01
2.846115048871160980e+01
2.712059308175503247e+01
2.579720726232881134e+01
2.449122391764376516e+01
2.320287029228074971e+01
2.193236994742892421e+01
2.067994272046962578e+01
1.944580468532967643e+01
1.823016811375418911e+01
1.703324143680220004e+01
1.585522920717448869e+01
1.469633206252365198e+01
1.355674668907340674e+01
1.243666578599004424e+01
1.133627803078707075e+01
1.025576804496631667e+01
9.195316360605829686e+00
8.155099387895461405e+00
7.135289382916198520e+00
6.136054416409933765e+00
5.157558343456003058e+00
4.199960773597013031e+00
3.263417041699540277e+00
2.348078179977164837e+00
1.454090890248153300e+00
5.815975171299214708e-01
-2.692639775832503801e-01
-1.098360040424267936e+00
-1.905561550771381008e+00
-2.690743844170356169e+00
-3.453786735416542797e+00
-4.194574540676512697e+00
-4.912996098574694770e+00
-5.608944790919849765e+00
-6.282318562303771614e+00
-6.933019938829602324e+00
-7.560956046488172433e+00
-8.166038628306523606e+00
-8.748184060653329652e+00
-9.307313369185067131e+00
-9.843352243473418639e+00
-1.035623105097147345e+01
-1.084588485044787376e+01
-1.131225340414584934e+01
-1.175528118924648879e+01
-1.217491740880359430e+01
-1.257111600152711617e+01
-1.294383565061616537e+01
-1.329303979227006494e+01
-1.361869662294338923e+01
-1.392077910561420140e+01
-1.419926497586766345e+01
-1.445413674663541315e+01
-1.468538171185446117e+01
-1.489299195004241483e+01
-1.507696432650936913e+01
-1.523730049460118607e+01
-1.537400689661080833e+01
-1.548709476346175506e+01
-1.557658011343937687e+01
-1.564248375057013618e+01
-1.568483126186856680e+01
-1.570365301334368269e+01
-1.569898414594081260e+01
-1.567086457022196555e+01
-1.561933895993843180e+01
-1.554445674537328159e+01
-1.544627210542603279e+01
-1.532484395872506866e+01
-1.518023595447084517e+01
-1.501251646205855650e+01
-1.482175855952027632e+01
-1.460804002188706363e+01
-1.437144330840965267e+01
-1.411205554851221677e+01
-1.382996852758424211e+01
-1.352527867164371855e+01
-1.319808703089074697e+01
-1.284849926311653689e+01
-1.247662561583638308e+01
-1.208258090737308521e+01
-1.166648450766206224e+01
-1.122846031816425239e+01
-1.076863675054937630e+01
-1.028714670490535354e+01
-9.784127547358366428e+00
-9.259721086150420888e+00
-8.714073547762382077e+00
-8.147335552001095493e+00
-7.559662085717718583e+00
-6.951212476528780826e+00
-6.322150365555899043e+00
-5.672643679009524931e+00
-5.002864599374333920e+00
-4.312989535931592400e+00
-3.603199093942748732e+00
-2.873678043770269142e+00
-2.124615289024404774e+00
-1.356203833462132025e+00
-5.686407479333865922e-01
2.378728637868334772e-01
1.063131900108601258e+00
1.906927296961839602e+00
2.769046064138819929e+00
3.649271322611639334e+00
4.547382341950651607e+00
5.463154578669673356e+00
6.396359715713515470e+00
7.346765702007360233e+00
8.314136792867429904e+00
9.298233591414827970e+00
1.029881309013489954e+01
1.131562871341247956e+01
1.234843036083839252e+01
1.339696445078152465e+01
1.446097396472941909e+01
1.554019849258929753e+01
1.663437427820008452e+01
1.774323426549108262e+01
1.886650814562017331e+01
2.000392240422934265e+01
2.115520036955422256e+01
2.232006226132034499e+01
2.349822523964212451e+01
2.468940345487771992e+01
2.589330809829152713e+01
2.710964745266846876e+01
2.833812694375956198e+01
2.957844919251692772e+01
3.083031406737063662e+01
3.209341873725043115e+01
3.336745772548329114e+01
3.465212296337904263e+01
3.594710384488371346e+01
3.725208728191500995e+01
3.856675775940675521e+01
3.989079739144654013e+01
4.122388597782810393e+01
4.256570106059734826e+01
4.391591798146419023e+01
4.527420993975556485e+01
4.664024805011285935e+01
4.801370140119433927e+01
4.939423711486051616e+01
5.078152040510394727e+01
5.217521463788580149e+01
5.357498139133713266e+01
5.498048051596288133e+01
5.639137019543068163e+01
5.780730700794902077e+01
5.922794598735890759e+01
6.065294068486764445e+01
6.208194323149837146e+01
6.351460440006303543e+01
6.495057366781384189e+01
6.638949927961493813e+01
6.783102831087671802e+01
6.927480673096943065e+01
7.072047946712245903e+01
7.216769046815261390e+01
7.361608276850802213e+01
7.506529855287135433e+01
7.651497922048383771e+01
7.796476544993402058e+01
7.941429726408387069e+01
8.086321409510492231e+01
8.231115484972633567e+01
8.375775797469123063e+01
8.520266152220028744e+01
8.664550321542719757e+01
8.808592051455525507e+01
8.952355068241195113e+01
9.095803085041097802e+01
9.238899808477253828e+01
9.381608945244261122e+01
9.523894208721321775e+01
9.665719325611826207e+01
9.807048042552560219e+01
9.947844132733371225e+01
1.008807140254803016e+02
1.022769369820061911e+02
1.036667491233156397e+02
1.050497899066322134e+02
1.064256993860217335e+02
1.077941182785498313e+02
1.091546880305550076e+02
1.105070508835970031e+02
1.118508499403951646e+02
1.131857292308513934e+02
1.145113337777484048e+02
1.158273096623552192e+02
1.171333040901827189e+02
1.184289654562580836e+02
1.197139434104319662e+02
1.209878889226056344e+02
1.222504543475297396e+02
1.235012934897058585e+02
1.247400616680461098e+02
1.259664157801271358e+02
1.271800143664022471e+02
1.283805176743298944e+02
1.295675877219582617e+02
1.307408883614607475e+02
1.319000853424331581e+02
1.330448463748034555e+02
1.341748411915796169e+02
1.352897416112919018e+02
1.363892216001258930e+02
1.374729573336007888e+02
1.385406272582731617e+02
1.395919121528349933e+02
1.406264951888551877e+02
1.416440619914301351e+02
1.426443006991539733e+02
1.436269020239797101e+02
1.445915593106310553e+02
1.455379685954358138e+02
1.464658286650646914e+02
1.473748411146334547e+02
1.482647104054103693e+02
1.491351439223126363e+02
1.499858520306788705e+02
1.508165481326341251e+02
1.516269487231566018e+02
1.524167734456532344e+02
1.531857451468149520e+02
1.539335899312791298e+02
1.546600372155899095e+02
1.553648197817456094e+02
1.560476738303132151e+02
1.567083390327661618e+02
1.573465585835201637e+02
1.579620792512396292e+02
1.585546514298457623e+02
1.591240291886915657e+02
1.596699703222839162e+02
1.601922363994308398e+02
1.606905928117885196e+02
1.611648088218389603e+02
1.616146576101600658e+02
1.620399163222482457e+02
1.624403661144606303e+02
1.628157921996753430e+02
1.631659838920641050e+02
1.634907346511572541e+02
1.637898421254758432e+02
1.640631081954161345e+02
1.643103390154192311e+02
1.645313450554858719e+02
1.647259411419527169e+02
1.648939464976683666e+02
1.650351847815054498e+02
1.651494841270214238e+02
1.652366771804336167e+02
1.652966011378975963e+02
1.653290977821998240e+02
1.653340135185062536e+02
1.653111994094670081e+02
1.652605112094752258e+02
1.651818093983201834e+02
1.650749592140673485e+02
1.649398306850234803e+02
1.647762986610050575e+02
1.645842428439191281e+02
1.643635478174583113e+02
1.641141030759972637e+02
1.638358030527688243e+02
1.635285471471233905e+02
1.631922397511480085e+02
1.628267902753214003e+02
1.624321131734595838e+02
1.620081279667629133e+02
1.615547592669918231e+02
1.610719367989877355e+02
1.605595954223281296e+02
1.600176751518774836e+02
1.594461211778143479e+02
1.588448838846579747e+02
1.582139188694782206e+02
1.575531869592305156e+02
1.568626542272904771e+02
1.561422920090644766e+02
1.553920769165870297e+02
1.546119908527034568e+02
1.538020210239137668e+02
1.529621599525380589e+02
1.520924054879797040e+02
1.511927608171336033e+02
1.502632344738758547e+02
1.493038403477330576e+02
1.483145976915220672e+02
1.472955311282348703e+02
1.462466706570576207e+02
1.451680516582400742e+02
1.440597148975211894e+02
1.429217065291559265e+02
1.417540780983417790e+02
1.405568865428522258e+02
1.393301941933768830e+02
1.380740687732450169e+02
1.367885833972777618e+02
1.354738165695798671e+02
1.341298521805620112e+02
1.327567795028808177e+02
1.313546931866112573e+02
1.299236932536296081e+02
1.284638850907904271e+02
1.269753794424759690e+02
1.254582924020796781e+02
1.239127454026020132e+02
1.223388652064677444e+02
1.207367838943500828e+02
1.191066388530089171e+02
1.174485727623577986e+02
1.157627335816941923e+02
1.140492745348674362e+02
1.123083540945262939e+02
1.105401359656716522e+02
1.087447890682960860e+02
1.069224875188338046e+02
1.050734106111449364e+02
1.031977427963320224e+02
1.012956736616688431e+02
9.936739790887077106e+01
9.741311533135012724e+01
9.543303079048928339e+01
9.342735419115706463e+01
9.139630045651938417e+01
8.934008950168936281e+01
8.725894620661711087e+01
8.515310038816824090e+01
8.302278677139474894e+01
8.086824495991822914e+01
7.868971940525079845e+01
7.648745937563580810e+01
7.426171892394268070e+01
7.201275685430664453e+01
6.974083668868479435e+01
6.744622663209884195e+01
6.512919953699747566e+01
6.279003286714214482e+01
6.042900866045602015e+01
5.804641349100711523e+01
5.564253843053302262e+01
5.321767900885242852e+01
5.077213517336349469e+01
4.830621124832396163e+01
4.582021589280338958e+01
4.331446205808970262e+01
4.078926694447000045e+01
3.824495195688359672e+01
3.568184266005482641e+01
3.310026873310198425e+01
3.050056392300393782e+01
2.788306599740099045e+01
2.524811669696282479e+01
2.259606168678510585e+01
1.992725050714943791e+01
1.724203652349751792e+01
1.454077687593235169e+01
1.182383242772266385e+01
9.091567713418044150e+00
6.344350886207394069e+00
3.582553664295119233e+00
8.065512771172507200e-01
-1.983277589213685133e+00
-4.786550847464241087e+00
-7.602883065119385719e+00
-1.043188552078208886e+01
-1.327316626155879931e+01
-1.612633016071777092e+01
-1.899097897603860474e+01
-2.186671140886028297e+01
-2.475312316361669218e+01
-2.764980700779051404e+01
-3.055635283280935255e+01
-3.347234771516014007e+01
-3.639737597806742997e+01
-3.933101925409209798e+01
-4.227285654760271427e+01
-4.522246429831648129e+01
-4.817941644528036704e+01
-5.114328449082313455e+01
-5.411363756575883599e+01
-5.709004249460485880e+01
-6.007206386123652919e+01
-6.305926407520382782e+01
-6.605120343840826536e+01
-6.904744021224541939e+01
-7.204753068496938795e+01
-7.505102923996309983e+01
-7.805748842379034613e+01
-8.106645901502270135e+01
-8.407749009349936387e+01
-8.709012910970704979e+01
-9.010392195467647980e+01
-9.311841303026085370e+01
-9.613314531949436059e+01
-9.914766045766373281e+01
-1.021614988036635623e+02
-1.051741995110496646e+02
-1.081853006001765607e+02
-1.111943390302658372e+02
-1.142008507717400789e+02
-1.172043708787168725e+02
-1.202044335620958009e+02
-1.232005722625835915e+02
-1.261923197238393186e+02
-1.291792080665436515e+02
-1.321607688615731604e+02
-1.351365332042696537e+02
-1.381060317887022393e+02
-1.410687949816674518e+02
-1.440243528972932836e+02
-1.469722354717196140e+02
-1.499119725378441217e+02
-1.528430938999299542e+02
-1.557651294090646843e+02
-1.586776090377825312e+02
-1.615800629554796615e+02
-1.644720216037021601e+02
-1.673530157712666551e+02
-1.702225766697556537e+02
-1.730802360088946443e+02
-1.759255260719019134e+02
-1.787579797910257184e+02
-1.815771308231724106e+02
-1.843825136248906347e+02
-1.871736635281376948e+02
-1.899501168155729829e+02
-1.927114107960114779e+02
-1.954570838795207237e+02
-1.981866756527706457e+02
-2.008997269541978312e+02
-2.035957799488714954e+02
-2.062743782037450728e+02
-2.089350667622493347e+02
-2.115773922189528093e+02
-2.142009027944386617e+02
-2.168051484094357875e+02
-2.193896807590354001e+02
-2.219540533870440413e+02
-2.244978217596035392e+02
-2.270205433389783138e+02
-2.295217776570734713e+02
-2.320010863885399885e+02
-2.344580334239617514e+02
-2.368921849425132677e+02
-2.393031094845664484e+02
-2.416903780238008039e+02
-2.440535640392499772e+02
-2.463922435869681067e+02
-2.487059953712996503e+02
-2.509944008161510283e+02
-2.532570441354055220e+02
-2.554935124034218461e+02
-2.577033956252180360e+02
-2.598862868059277389e+02
-2.620417820200873393e+02
-2.641694804807266337e+02
-2.662689846076809772e+02
-2.683399000957142562e+02
-2.703818359823962965e+02
-2.723944047151035193e+02
-2.743772222179140954e+02
-2.763299079580192483e+02
-2.782520850116234215e+02
-2.801433801292587304e+02
-2.820034238008192915e+02
-2.838318503199498082e+02
-2.856282978479630401e+02
-2.873924084774716903e+02
-2.891238282948925189e+02
-2.908222074431159854e+02
-2.924872001833118702e+02
-2.941184649559691024e+02
-2.957156644417536882e+02
-2.972784656215972063e+02
-2.988065398360249674e+02
-3.002995628443895839e+02
-3.017572148831386585e+02
-3.031791807231165876e+02
-3.045651497270773689e+02
-3.059148159059404861e+02
-3.072278779746702639e+02
-3.085040394072075287e+02
-3.097430084911375161e+02
-3.109444983813818908e+02
-3.121082271532377490e+02
-3.132339178551792429e+02
-3.143212985600266620e+02
-3.153701024161728128e+02
-3.163800676981827564e+02
-3.173509378559037941e+02
-3.182824615634162910e+02
-3.191743927674060615e+02
-3.200264907340642822e+02
-3.208385200958855421e+02
-3.216102508976018726e+02
-3.223414586408971445e+02
-3.230319243287967765e+02
-3.236814345093271186e+02
-3.242897813178788056e+02
-3.248567625190544277e+02
-3.253821815479632278e+02
-3.258658475501370049e+02
-3.263075754212031825e+02
-3.267071858452354718e+02
-3.270645053323496541e+02
-3.273793662559655786e+02
-3.276516068885175628e+02
-3.278810714366327375e+02
-3.280676100753648825e+02
-3.282110789818120793e+02
-3.283113403674224173e+02
-3.283682625096421361e+02
-3.283817197829166616e+02
-3.283515926881723317e+02
-3.282777678819388711e+02
-3.281601382045710125e+02
-3.279986027070949604e+02
-3.277930666774605015e+02
-3.275434416659522867e+02
-3.272496455094133125e+02
-3.269116023548003795e+02
-3.265292426816336047e+02
-3.261025033233659087e+02
-3.256313274882136284e+02
-3.251156647787736347e+02
-3.245554712105695216e+02
-3.239507092299172655e+02
-3.233013477306924415e+02
-3.226073620700169613e+02
-3.218687340832806285e+02
-3.210854520979710287e+02
-3.202575109464130492e+02
-3.193849119778960812e+02
-3.184676630695138329e+02
-3.175057786360998193e+02
-3.164992796392335208e+02
-3.154481935953205038e+02
-3.143525545822436698e+02
-3.132124032458708598e+02
-3.120277868047530774e+02
-3.107987590539122493e+02
-3.095253803684761351e+02
-3.082077177052685784e+02
-3.068458446038514467e+02
-3.054398411865377057e+02
-3.039897941576016365e+02
-3.024957968011128742e+02
-3.009579489780123822e+02
-2.993763571221049915e+02
-2.977511342349703227e+02
-2.960823998801797643e+02
-2.943702801762010495e+02
-2.926149077882946585e+02
-2.908164219195045916e+02
-2.889749683008631109e+02
-2.870906991800607102e+02
-2.851637733097190903e+02
-2.831943559342180379e+02
-2.811826187756237232e+02
-2.791287400187993626e+02
-2.770329042953558201e+02
-2.748953026667281847e+02
-2.727161326058794657e+02
-2.704955979786436728e+02
-2.682339090235609547e+02
-2.659312823309637679e+02
-2.635879408210066686e+02
-2.612041137206197163e+02
-2.587800365398625217e+02
-2.563159510468021836e+02
-2.538121052416681778e+02
-2.512687533300277209e+02
-2.486861556950452723e+02
-2.460645788685887965e+02
-2.434042955015456755e+02
-2.407055843332536824e+02
-2.379687301595613462e+02
-2.351940238004763160e+02
-2.323817620666122821e+02
-2.295322477245772461e+02
-2.266457894616087287e+02
-2.237227018492503703e+02
-2.207633053059444137e+02
-2.177679260591012280e+02
-2.147368961057391061e+02
-2.116705531723600870e+02
-2.085692406743874017e+02
-2.054333076740258548e+02
-2.022631088375665058e+02
-1.990590043917864023e+02
-1.958213600794779268e+02
-1.925505471139358633e+02
-1.892469421329105899e+02
-1.859109271512670603e+02
-1.825428895129070952e+02
-1.791432218423733502e+02
-1.757123219947461621e+02
-1.722505930051829637e+02
-1.687584430377291937e+02
-1.652362853329705104e+02
-1.616845381550465390e+02
-1.581036247379197448e+02
-1.544939732307138911e+02
-1.508560166422357725e+02
-1.471901927848521154e+02
-1.434969442175570293e+02
-1.397767181880644785e+02
-1.360299665744278172e+02
-1.322571458257116319e+02
-1.284587169019232533e+02
-1.246351452133931161e+02
-1.207869005591037421e+02
-1.169144570646130887e+02
-1.130182931191211537e+02
-1.090988913118453638e+02
-1.051567383675646852e+02
-1.011923250817690132e+02
-9.720614625500820694e+01
-9.319870062633526686e+01
-8.917049080650758697e+01
-8.512202321020595264e+01
-8.105380798781334306e+01
-7.696635895648978476e+01
-7.286019353058327397e+01
-6.873583265156776179e+01
-6.459380071722625871e+01
-6.043462551029733731e+01
-5.625883812668871542e+01
-5.206697290290503588e+01
-4.785956734300816606e+01
-4.363716204508455121e+01
-3.940030062715777603e+01
-3.514952965249722183e+01
-3.088539855440467363e+01
-2.660845956077173469e+01
-2.231926761775685009e+01
-1.801838031309853250e+01
-1.370635779927943076e+01
-9.383762715773627860e+00
-5.051160111030185362e+00
-7.091173642129433574e-01
3.641795893803646322e+00
8.001007859698802349e+00
1.236794463725709647e+01
1.674203031759316218e+01
2.112268705948736169e+01
2.550933517014527752e+01
2.990139318647197797e+01
3.429827795650635380e+01
3.869940472117377794e+01
4.310418719655899622e+01
4.751203765636819298e+01
5.192236701441652258e+01
5.633458490792691009e+01
6.074809978076700645e+01
6.516231896689168934e+01
6.957664877417300886e+01
7.399049456849752460e+01
7.840326085788365162e+01
8.281435137695007143e+01
8.722316917179159645e+01
9.162911668436208856e+01
9.603159583778870001e+01
1.004300081214951206e+02
1.048237546763575665e+02
1.092122363801972824e+02
1.135948539333548979e+02
1.179710079442247661e+02
1.223400990150275902e+02
1.267015278278358892e+02
1.310546952300283010e+02
1.353990023205678881e+02
1.397338505359202827e+02
1.440586417359427287e+02
1.483727782900059537e+02
1.526756631629468757e+02
1.569667000010849733e+02
1.612452932182623044e+02
1.655108480818962562e+02
1.697627707984993322e+02
1.740004685999265348e+02
1.782233498289806448e+02
1.824308240250666131e+02
1.866223020097877452e+02
1.907971959724345652e+02
1.949549195552381207e+02
1.990948879386414774e+02
2.032165179265130064e+02
2.073192280305338500e+02
2.114024385553721004e+02
2.154655716830693564e+02
2.195080515572462900e+02
2.235293043672636486e+02
2.275287584320785754e+02
2.315058442837926123e+02
2.354599947511587743e+02
2.393906450427703021e+02
2.432972328293753890e+02
2.471791983270031778e+02
2.510359843789119623e+02
2.548670365374573521e+02
2.586718031457985489e+02
2.624497354190498299e+02
2.662002875251218939e+02
2.699229166653585708e+02
2.736170831548515707e+02
2.772822505015119532e+02
2.809178854861347645e+02
2.845234582410730582e+02
2.880984423286281526e+02
2.916423148192916415e+02
2.951545563692316136e+02
2.986346512973650533e+02
3.020820876623329241e+02
3.054963573385925883e+02
3.088769560917548915e+02
3.122233836542350218e+02
3.155351437996541790e+02
3.188117444171057286e+02
3.220526975846232745e+02
3.252575196422885710e+02
3.284257312646454920e+02
3.315568575325860365e+02
3.346504280048452529e+02
3.377059767883329187e+02
3.407230426085184263e+02
3.437011688788766151e+02
3.466399037695809966e+02
3.495388002758115817e+02
3.523974162853126018e+02
3.552153146450632448e+02
3.579920632278237917e+02
3.607272349976100259e+02
3.634204080740823883e+02
3.660711657971854720e+02
3.686790967903692149e+02
3.712437950233487527e+02
3.737648598738775263e+02
3.762418961890983837e+02
3.786745143460750000e+02
3.810623303113229099e+02
3.834049656999715125e+02
3.857020478335832649e+02
3.879532097978130878e+02
3.901580904989232295e+02
3.923163347193947175e+02
3.944275931729962394e+02
3.964915225589011243e+02
3.985077856147624971e+02
4.004760511695164951e+02
4.023959941949410677e+02
4.042672958558619030e+02
4.060896435606596242e+02
4.078627310100359864e+02
4.095862582451491107e+02
4.112599316947134866e+02
4.128834642215156236e+02
4.144565751677223489e+02
4.159789903995638269e+02
4.174504423510006745e+02
4.188706700658267437e+02
4.202394192402271074e+02
4.215564422631023263e+02
4.228214982560502904e+02
4.240343531123371577e+02
4.251947795347859937e+02
4.263025570727140803e+02
4.273574721583336213e+02
4.283593181415189974e+02
4.293078953236445159e+02
4.302030109912248008e+02
4.310444794476279640e+02
4.318321220445050130e+02
4.325657672115612513e+02
4.332452504857992608e+02
4.338704145396559397e+02
4.344411092080599701e+02
4.349571915145943422e+02
4.354185256962127823e+02
4.358249832275514564e+02
4.361764428438891628e+02
4.364727905629297311e+02
4.367139197057658748e+02
4.368997309168098582e+02
4.370301321824626939e+02
4.371050388489893521e+02
4.371243736393153085e+02
4.370880666683769959e+02
4.369960554579974996e+02
4.368482849503925536e+02
4.366447075204578141e+02
4.363852829873430892e+02
4.360699786247787415e+02
4.356987691701979202e+02
4.352716368331275589e+02
4.347885713022969867e+02
4.342495697514677886e+02
4.336546368445797270e+02
4.330037847397143196e+02
4.322970330918506079e+02
4.315344090544695064e+02
4.307159472803177778e+02
4.298416899210824340e+02
4.289116866257591028e+02
4.279259945382218575e+02
4.268846782932851056e+02
4.257878100121870375e+02
4.246354692968870950e+02
4.234277432228664111e+02
4.221647263312461291e+02
4.208465206199034583e+02
4.194732355329961138e+02
4.180449879500902171e+02
4.165619021739912569e+02
4.150241099167233187e+02
4.134317502856047213e+02
4.117849697678739176e+02
4.100839222138256446e+02
4.083287688192431233e+02
4.065196781066515541e+02
4.046568259056512034e+02
4.027403953321918380e+02
4.007705767665720487e+02
3.987475678304654139e+02
3.966715733630298928e+02
3.945428053958967212e+02
3.923614831270788272e+02
3.901278328938024060e+02
3.878420881446181738e+02
3.855044894098355144e+02
3.831152842715637235e+02
3.806747273325672722e+02
3.781830801837568288e+02
3.756406113711564103e+02
3.730475963615754154e+02
3.704043175072729355e+02
3.677110640096725547e+02
3.649681318821640161e+02
3.621758239116461482e+02
3.593344496197605622e+02
3.564443252221208240e+02
3.535057735871196201e+02
3.505191241942738998e+02
3.474847130905945960e+02
3.444028828467526182e+02
3.412739825117605506e+02
3.380983675673269317e+02
3.348763998807116877e+02
3.316084476568394166e+02
3.282948853898196830e+02
3.249360938127974805e+02
3.215324598476545361e+02
3.180843765535319108e+02
3.145922430742211873e+02
3.110564645849954104e+02
3.074774522383813746e+02
3.038556231091461086e+02
3.001914001385157462e+02
2.964852120771247428e+02
2.927374934275321721e+02
2.889486843859340297e+02
2.851192307826713659e+02
2.812495840222254628e+02
2.773402010221579985e+02
2.733915441515455313e+02
2.694040811683698848e+02
2.653782851562064025e+02
2.613146344602464524e+02
2.572136126221848826e+02
2.530757083148273523e+02
2.489014152756972180e+02
2.446912322397874959e+02
2.404456628718253342e+02
2.361652156977324921e+02
2.318504040351399453e+02
2.275017459237933508e+02
2.231197640545869945e+02
2.187049856981648190e+02
2.142579426331722061e+02
2.097791710733908985e+02
2.052692115945174010e+02
2.007286090599955060e+02
1.961579125466632831e+02
1.915576752694578317e+02
1.869284545054506452e+02
1.822708115177483705e+02
1.775853114782003104e+02
1.728725233898803708e+02
1.681330200091397273e+02
1.633673777667681861e+02
1.585761766887517297e+02
1.537600003166917304e+02
1.489194356273255835e+02
1.440550729519054585e+02
1.391675058949695085e+02
1.342573312524764333e+02
1.293251489297072112e+02
1.243715618585483753e+02
1.193971759144042153e+02
1.144025998326978879e+02
1.093884451248377445e+02
1.043553259939217241e+02
9.930385924997972324e+01
9.423466422478304594e+01
8.914836268635190208e+01
8.404557875311729731e+01
7.892693880770457326e+01
7.379307141039680573e+01
6.864460721217983519e+01
6.348217886771089979e+01
5.830642094773793360e+01
5.311796985140972538e+01
4.791746371834597085e+01
4.270554234013252426e+01
3.748284707202037680e+01
3.225002074414805975e+01
2.700770757249119924e+01
2.175655306981207104e+01
1.649720395621261559e+01
1.123030806968381512e+01
5.956514276356756454e+00
6.764723806663823780e-01
-4.609166964550240664e+00
-9.899752348323090700e+00
-1.519463169162190752e+01
-2.049315233773450018e+01
-2.579466114265596843e+01
-3.109850456555068376e+01
-3.640402875935615157e+01
-4.171057966124863015e+01
-4.701750308326518280e+01
-5.232414480307488702e+01
-5.762985065443353960e+01
-6.293396661785300239e+01
-6.823583891134330770e+01
-7.353481408075458603e+01
-7.883023909045732580e+01
-8.412146141373887076e+01
-8.940782912318172748e+01
-9.468869098103823490e+01
-9.996339652928872965e+01
-1.052312961797942990e+02
-1.104917413043658598e+02
-1.157440843243857671e+02
-1.209876788004476111e+02
-1.262218795220869652e+02
-1.314460425968864001e+02
-1.366595255396532593e+02
-1.418616873613173084e+02
-1.470518886575737270e+02
-1.522294916975006345e+02
-1.573938605116672989e+02
-1.625443609799986007e+02
-1.676803609195594618e+02
-1.728012301720591495e+02
-1.779063406906971068e+02
-1.829950666271288355e+02
-1.880667844179552048e+02
-1.931208728707424598e+02
-1.981567132498021238e+02
-2.031736893617853639e+02
-2.081711876406370720e+02
-2.131485972321206646e+02
-2.181053100783028640e+02
-2.230407210013217991e+02
-2.279542277868094970e+02
-2.328452312669105595e+02
-2.377131354027660564e+02
-2.425573473667536746e+02
-2.473772776240693929e+02
-2.521723400137343560e+02
-2.569419518293470901e+02
-2.616855338992681936e+02
-2.664025106661174505e+02
-2.710923102659508004e+02
-2.757543646067788359e+02
-2.803881094466596551e+02
-2.849929844708640303e+02
-2.895684333689896448e+02
-2.941139039113077160e+02
-2.986288480239818455e+02
-3.031127218645378889e+02
-3.075649858962206054e+02
-3.119851049618009711e+02
-3.163725483565867762e+02
-3.207267899010039400e+02
-3.250473080126212153e+02
-3.293335857772908639e+02
-3.335851110193689237e+02
-3.378013763716517133e+02
-3.419818793447630014e+02
-3.461261223950241401e+02
-3.502336129925861314e+02
-3.543038636880628474e+02
-3.583363921786149149e+02
-3.623307213736698031e+02
-3.662863794594668434e+02
-3.702028999630674662e+02
-3.740798218149793684e+02
-3.779166894120389770e+02
-3.817130526785949769e+02
-3.854684671273134882e+02
-3.891824939192265447e+02
-3.928546999224490719e+02
-3.964846577704774973e+02
-4.000719459199390258e+02
-4.036161487067947746e+02
-4.071168564019280893e+02
-4.105736652662526467e+02
-4.139861776043544523e+02
-4.173540018178537139e+02
-4.206767524570241221e+02
-4.239540502724885300e+02
-4.271855222659105493e+02
-4.303708017383178230e+02
-4.335095283395312435e+02
-4.366013481156187481e+02
-4.396459135552177031e+02
-4.426428836356317333e+02
-4.455919238671376661e+02
-4.484927063372124394e+02
-4.513449097534230532e+02
-4.541482194846066704e+02
-4.569023276025673113e+02
-4.596069329219935753e+02
-4.622617410386992560e+02
-4.648664643681568123e+02
-4.674208221823046188e+02
-4.699245406457594072e+02
-4.723773528501296823e+02
-4.747789988484564674e+02
-4.771292256886263203e+02
-4.794277874439885636e+02
-4.816744452452494443e+02
-4.838689673102671804e+02
-4.860111289724427479e+02
-4.881007127090397262e+02
-4.901375081671285443e+02
-4.921213121902928833e+02
-4.940519288431005407e+02
-4.959291694335588545e+02
-4.977528525371417345e+02
-4.995228040179281379e+02
-5.012388570483981312e+02
-5.029008521294072125e+02
-5.045086371083289123e+02
-5.060620671965643851e+02
-5.075610049850838550e+02
-5.090053204600717436e+02
-5.103948910170747695e+02
-5.117296014735366043e+02
-5.130093440808395826e+02
-5.142340185349767125e+02
-5.154035319867452927e+02
-5.165177990499523730e+02
-5.175767418090981664e+02
-5.185802898256952176e+02
-5.195283801441137257e+02
-5.204209572953177485e+02
-5.212579733004258742e+02
-5.220393876733069192e+02
-5.227651674204562369e+02
-5.234352870420570980e+02
-5.240497285303363242e+02
-5.246084813675342957e+02
-5.251115425227790183e+02
-5.255589164475131838e+02
-5.259506150697961857e+02
-5.262866577884042272e+02
-5.265670714651478193e+02
-5.267918904155740165e+02
-5.269611563999442296e+02
-5.270749186119687693e+02
-5.271332336673071950e+02
-5.271361655900332153e+02
-5.270837857990150042e+02
-5.269761730933532817e+02
-5.268134136348903667e+02
-5.265956009320555040e+02
-5.263228358214767013e+02
-5.259952264482890314e+02
-5.256128882461064222e+02
-5.251759439152975801e+02
-5.246845234008732177e+02
-5.241387638689564028e+02
-5.235388096816599273e+02
-5.228848123722809760e+02
-5.221769306187097754e+02
-5.214153302149956062e+02
-5.206001840435418444e+02
-5.197316720451104857e+02
-5.188099811883738539e+02
-5.178353054378164870e+02
-5.168078457214087393e+02
-5.157278098973715714e+02
-5.145954127188572329e+02
-5.134108757982089628e+02
-5.121744275710266265e+02
-5.108863032584959001e+02
-5.095467448284607599e+02
-5.081560009559107129e+02
-5.067143269830567078e+02
-5.052219848777931475e+02
-5.036792431908547769e+02
-5.020863770128189572e+02
-5.004436679303680648e+02
-4.987514039807165318e+02
-4.970098796054753620e+02
-4.952193956041901401e+02
-4.933802590862414945e+02
-4.914927834217796772e+02
-4.895572881930329459e+02
-4.875740991428883717e+02
-4.855435481240210720e+02
-4.834659730468383714e+02
-4.813417178257577689e+02
-4.791711323262688893e+02
-4.769545723094561254e+02
-4.746923993764839906e+02
-4.723849809126886612e+02
-4.700326900302698050e+02
-4.676359055098255340e+02
-4.651950117418437003e+02
-4.627103986675519991e+02
-4.601824617181446229e+02
-4.576116017537497100e+02
-4.549982250016328180e+02
-4.523427429936691624e+02
-4.496455725028281449e+02
-4.469071354795596562e+02
-4.441278589864286914e+02
-4.413081751330119005e+02
-4.384485210098846437e+02
-4.355493386211364850e+02
-4.326110748177488858e+02
-4.296341812285991182e+02
-4.266191141922081442e+02
-4.235663346866858774e+02
-4.204763082601348287e+02
-4.173495049599005142e+02
-4.141863992604885425e+02
-4.109874699925949244e+02
-4.077532002701918827e+02
-4.044840774169751967e+02
-4.011805928932426468e+02
-3.978432422216592386e+02
-3.944725249120747321e+02
-3.910689443864775967e+02
-3.876330079032104550e+02
-3.841652264802451100e+02
-3.806661148189359665e+02
-3.771361912262818805e+02
-3.735759775371025171e+02
-3.699859990360582742e+02
-3.663667843787570746e+02
-3.627188655124045908e+02
-3.590427775966218178e+02
-3.553390589232894854e+02
-3.516082508359886560e+02
-3.478508976493740192e+02
-3.440675465679305489e+02
-3.402587476046574011e+02
-3.364250534988714207e+02
-3.325670196341634437e+02
-3.286852039557670651e+02
-3.247801668878455530e+02
-3.208524712501457543e+02
-3.169026821744373592e+02
-3.129313670211777207e+02
-3.089390952951252984e+02
-3.049264385611677426e+02
-3.008939703599826316e+02
-2.968422661231925304e+02
-2.927719030882581137e+02
-2.886834602137532784e+02
-2.845775180936070683e+02
-2.804546588717930717e+02
-2.763154661568114534e+02
-2.721605249354506668e+02
-2.679904214873131423e+02
-2.638057432984096522e+02
-2.596070789750701806e+02
-2.553950181576474279e+02
-2.511701514342275914e+02
-2.469330702540755738e+02
-2.426843668410110695e+02
-2.384246341072030191e+02
-2.341544655664074526e+02
-2.298744552471216593e+02
-2.255851976063240727e+02
-2.212872874428685463e+02
-2.169813198105366610e+02
-2.126678899318940239e+02
-2.083475931115208368e+02
-2.040210246495880710e+02
-1.996887797556300939e+02
-1.953514534620444465e+02
-1.910096405380827491e+02
-1.866639354035578435e+02
-1.823149320430675289e+02
-1.779632239200072945e+02
-1.736094038909468509e+02
-1.692540641201157996e+02
-1.648977959940202709e+02
-1.605411900362996676e+02
-1.561848358227398421e+02
-1.518293218964499829e+02
-1.474752356835015235e+02
-1.431231634085124824e+02
-1.387736900105082896e+02
-1.344273990594047063e+02
-1.300848726722178981e+02
-1.257466914299511700e+02
-1.214134342947400000e+02
-1.170856785270989349e+02
-1.127639996037360106e+02
-1.084489711355126929e+02
-1.041411647859385994e+02
-9.984115018980082823e+01
-9.554949487238627626e+01
-9.126676416892951238e+01
-8.699352114447538042e+01
-8.273032651434550644e+01
-7.847773856469211751e+01
-7.423631307368850685e+01
-7.000660323323609191e+01
-6.578915957094795885e+01
-6.158452987259443034e+01
-5.739325910525076324e+01
-5.321588934063765919e+01
-4.905295967921483680e+01
-4.490500617462021182e+01
-4.077256175866205012e+01
-3.665615616695504286e+01
-3.255631586486924789e+01
-2.847356397430485231e+01
-2.440842020093259634e+01
-2.036140076179799507e+01
-1.633301831376229529e+01
-1.232378188259826857e+01
-8.334196792508009821e+00
-4.364764596171880839e+00
-4.159830056232749484e-01
3.511654176065349020e+00
7.417657123034587130e+00
1.130154005366057390e+01
1.516282129711544258e+01
1.900102335944757215e+01
2.281567298853769898e+01
2.660630123886221554e+01
3.037244353522328311e+01
3.411363973572588293e+01
3.782943419432922383e+01
4.151937582241225755e+01
4.518301814965889207e+01
4.881991938427381683e+01
5.242964247233976494e+01
5.601175515647264547e+01
5.956583003361811279e+01
6.309144461223331746e+01
6.658818136854097247e+01
7.005562780195759842e+01
7.349337648980144877e+01
7.690102514114914811e+01
8.027817664991744095e+01
8.362443914706091164e+01
8.693942605201300466e+01
9.022275612298108172e+01
9.347405350687040482e+01
9.669294778814219171e+01
9.987907403654753580e+01
1.030320728544029407e+02
1.061515904226616840e+02
1.092372785463885521e+02
1.122887946991177159e+02
1.153058020662538183e+02
1.182879695880765212e+02
1.212349720011188765e+02
1.241464898790072766e+02
1.270222096726865857e+02
1.298618237490300089e+02
1.326650304289614724e+02
1.354315340246284904e+02
1.381610448756291589e+02
1.408532793841222883e+02
1.435079600489771110e+02
1.461248154993154458e+02
1.487035805269151751e+02
1.512439961172749463e+02
1.537458094803005224e+02
1.562087740797323931e+02
1.586326496615583892e+02
1.610172022815422679e+02
1.633622043317154748e+02
1.656674345660394465e+02
1.679326781247109466e+02
1.701577265579653613e+02
1.723423778485957882e+02
1.744864364334280253e+02
1.765897132237259939e+02
1.786520256252333638e+02
1.806731975563707238e+02
1.826530594657742768e+02
1.845914483490014391e+02
1.864882077639813360e+02
1.883431878457013227e+02
1.901562453194310365e+02
1.919272435134953412e+02
1.936560523705593369e+02
1.953425484582294303e+02
1.969866149784684239e+02
1.985881417760647309e+02
2.001470253458828665e+02
2.016631688393754303e+02
2.031364820701601275e+02
2.045668815181124955e+02
2.059542903327746899e+02
2.072986383356983424e+02
2.085998620216669224e+02
2.098579045592632610e+02
2.110727157898254518e+02
2.122442522258534154e+02
2.133724770482695021e+02
2.144573601025003882e+02
2.154988778938859468e+02
2.164970135820003634e+02
2.174517569733980054e+02
2.183631045139991329e+02
2.192310592807734793e+02
2.200556309711719223e+02
2.208368358925908979e+02
2.215746969509891642e+02
2.222692436373617966e+02
2.229205120143269596e+02
2.235285447016685794e+02
2.240933908597580739e+02
2.246151061733726237e+02
2.250937528340291465e+02
2.255293995207211992e+02
2.259221213807795721e+02
2.262720000090885151e+02
2.265791234261487261e+02
2.268435860558674904e+02
2.270654887019882153e+02
2.272449385233994690e+02
2.273820490087036887e+02
2.274769399501874432e+02
2.275297374160545587e+02
2.275405737222972675e+02
2.275095874038706825e+02
2.274369231841465080e+02
2.273227319439447456e+02
2.271671706900124263e+02
2.269704025216396985e+02
2.267325965972031554e+02
2.264539280997669266e+02
2.261345782008793321e+02
2.257747340248370165e+02
2.253745886112919834e+02
2.249343408766671928e+02
2.244541955755248637e+02
2.239343632609743509e+02
2.233750602433010499e+02
2.227765085485207237e+02
2.221389358766973601e+02
2.214625755578927055e+02
2.207476665083941043e+02
2.199944531862602162e+02
2.192031855449313298e+02
2.183741189872835093e+02
2.175075143185713387e+02
2.166036376976353495e+02
2.156627605887097161e+02
2.146851597119657526e+02
2.136711169925783906e+02
2.126209195100982470e+02
2.115348594467541261e+02
2.104132340344185650e+02
2.092563455017534579e+02
2.080645010203097627e+02
2.068380126492957061e+02
2.055771972805996484e+02
2.042823765829398326e+02
2.029538769445534854e+02
2.015920294161896891e+02
2.001971696530381450e+02
1.987696378556465788e+02
1.973097787108581542e+02
1.958179413321013271e+02
1.942944791981553863e+02
1.927397500921670144e+02
1.911541160402612149e+02
1.895379432484332938e+02
1.878916020399610716e+02
1.862154667920731299e+02
1.845099158711655036e+02
1.827753315687004942e+02
1.810121000360995822e+02
1.792206112182775541e+02
1.774012587880970386e+02
1.755544400796370610e+02
1.736805560202210472e+02
1.717800110634598241e+02
1.698532131209722138e+02
1.679005734931070037e+02
1.659225068002888293e+02
1.639194309138038079e+02
1.618917668851136114e+02
1.598399388756733970e+02
1.577643740866005828e+02
1.556655026867156266e+02
1.535437577414577390e+02
1.513995751410820958e+02
1.492333935276255943e+02
1.470456542228948820e+02
1.448368011555357953e+02
1.426072807869659300e+02
1.403575420384458994e+02
1.380880362170391891e+02
1.357992169408753398e+02
1.334915400652844255e+02
1.311654636078674230e+02
1.288214476729426679e+02
1.264599543769036245e+02
1.240814477727435587e+02
1.216863937736015941e+02
1.192752600775329483e+02
1.168485160914824519e+02
1.144066328542066913e+02
1.119500829604512546e+02
1.094793404844485849e+02
1.069948809023426293e+02
1.044971810159995584e+02
1.019867188760235877e+02
9.946397370385693648e+01
9.692942581548504677e+01
9.438355654355564184e+01
9.182684815973425430e+01
8.925978379809384933e+01
8.668284737710473564e+01
8.409652352184730262e+01
8.150129748686958919e+01
7.889765507865558902e+01
7.628608257757878164e+01
7.366706666087247868e+01
7.104109432477798691e+01
6.840865280694288231e+01
6.577022950946866331e+01
6.312631192127173563e+01
6.047738754034526210e+01
5.782394379702054721e+01
5.516646797702378535e+01
5.250544714368152199e+01
4.984136806188780611e+01
4.717471712082715385e+01
4.450598025712133676e+01
4.183564287916215108e+01
3.916418979030731862e+01
3.649210511262299406e+01
3.381987221125746146e+01
3.114797361880937387e+01
2.847689095937221282e+01
2.580710487369469774e+01
2.313909494421477575e+01
2.047333961972890393e+01
1.781031614136918506e+01
1.515050046852775267e+01
1.249436720416724711e+01
9.842389521716540912e+00
7.195039091910985007e+00
4.552786009025112435e+00
1.916098719014371454e+00
-7.145560533272146131e-01
-3.338713376577288727e+00
-5.955910183623018384e+00
-8.565685343308359734e+00
-1.116757973143830895e+01
-1.376113630110921804e+01
-1.634590015260346263e+01
-1.892141860348147020e+01
-2.148724125715398259e+01
-2.404292007211643067e+01
-2.658800943049845955e+01
-2.912206620520464639e+01
-3.164464982758272527e+01
-3.415532235480441159e+01
-3.665364853586379468e+01
-3.913919587721375137e+01
-4.161153470892350015e+01
-4.407023824873704143e+01
-4.651488266694104823e+01
-4.894504715033508546e+01
-5.136031396475846122e+01
-5.376026851832375542e+01
-5.614449942352075595e+01
-5.851259855862736003e+01
-6.086416112864117167e+01
-6.319878572589641408e+01
-6.551607438929841010e+01
-6.781563266389366618e+01
-7.009706965951954771e+01
-7.235999810800967680e+01
-7.460403442096958315e+01
-7.682879874626087258e+01
-7.903391502383783518e+01
-8.121901104101834790e+01
-8.338371848726819735e+01
-8.552767300757386693e+01
-8.765051425610363367e+01
-8.975188594891096727e+01
-9.183143591503539938e+01
-9.388881614783804253e+01
-9.592368285584689147e+01
-9.793569651194138714e+01
-9.992452190203948703e+01
-1.018898281738947844e+02
-1.038312888837954233e+02
-1.057485820436122594e+02
-1.076413901668001927e+02
-1.095094003129852354e+02
-1.113523041326861858e+02
-1.131697979107302672e+02
-1.149615826090230257e+02
-1.167273639085105970e+02
-1.184668522504034627e+02
-1.201797628761523811e+02
-1.218658158673551952e+02
-1.235247361845940759e+02
-1.251562537047684600e+02
-1.267601032583152119e+02
-1.283360246658394317e+02
-1.298837627731936664e+02
-1.314030674857003760e+02
-1.328936938024453411e+02
-1.343554018485083361e+02
-1.357879569072447339e+02
-1.371911294515193731e+02
-1.385646951734652248e+02
-1.399084350141656614e+02
-1.412221351920452435e+02
-1.425055872305383673e+02
-1.437585879847538308e+02
-1.449809396673244919e+02
-1.461724498731146014e+02
-1.473329316035124066e+02
-1.484622032897532335e+02
-1.495600888146163925e+02
-1.506264175341548253e+02
-1.516610242980168550e+02
-1.526637494690203312e+02
-1.536344389417135972e+02
-1.545729441602816223e+02
-1.554791221348696126e+02
-1.563528354577410937e+02
-1.571939523185865255e+02
-1.580023465178783226e+02
-1.587778974803022720e+02
-1.595204902671484888e+02
-1.602300155871835159e+02
-1.609063698071840918e+02
-1.615494549616414588e+02
-1.621591787606212165e+02
-1.627354545977996167e+02
-1.632782015570192016e+02
-1.637873444178294449e+02
-1.642628136605035252e+02
-1.647045454696090019e+02
-1.651124817371946847e+02
-1.654865700646569167e+02
-1.658267637639855820e+02
-1.661330218575221807e+02
-1.664053090773668373e+02
-1.666435958640922763e+02
-1.668478583634987444e+02
-1.670180784231415601e+02
-1.671542435883911821e+02
-1.672563470965014858e+02
-1.673243878703287919e+02
-1.673583705116179772e+02
-1.673583052922276693e+02
-1.673242081454518484e+02
-1.672561006559535599e+02
-1.671540100489055476e+02
-1.670179691783505405e+02
-1.668480165141882026e+02
-1.666441961289492610e+02
-1.664065576833181694e+02
-1.661351564105116267e+02
-1.658300531001641502e+02
-1.654913140812677739e+02
-1.651190112041185785e+02
-1.647132218213409942e+02
-1.642740287681754126e+02
-1.638015203418490273e+02
-1.632957902798989380e+02
-1.627569377380896185e+02
-1.621850672670625499e+02
-1.615802887880727212e+02
-1.609427175682285451e+02
-1.602724741946949507e+02
-1.595696845480069896e+02
-1.588344797746667609e+02
-1.580669962588763156e+02
-1.572673755932410131e+02
-1.564357645491199946e+02
-1.555723150457779411e+02
-1.546771841186582606e+02
-1.537505338872269931e+02
-1.527925315217507887e+02
-1.518033492093982204e+02
-1.507831641195280099e+02
-1.497321583679131436e+02
-1.486505189808831346e+02
-1.475384378580856719e+02
-1.463961117346989340e+02
-1.452237421428308153e+02
-1.440215353721578140e+02
-1.427897024302183127e+02
-1.415284590013634443e+02
-1.402380254053387034e+02
-1.389186265550761163e+02
-1.375704919138024707e+02
-1.361938554514854332e+02
-1.347889556004483893e+02
-1.333560352104614140e+02
-1.318953415029482130e+02
-1.304071260246819293e+02
-1.288916446010262007e+02
-1.273491572880375315e+02
-1.257799283240710793e+02
-1.241842260811499727e+02
-1.225623230153032637e+02
-1.209144956163254392e+02
-1.192410243570084276e+02
-1.175421936416532844e+02
-1.158182917543381336e+02
-1.140696108062293206e+02
-1.122964466823432303e+02
-1.104990989878642722e+02
-1.086778709940335830e+02
-1.068330695832482888e+02
-1.049650051935750525e+02
-1.030739917631763092e+02
-1.011603466736196424e+02
-9.922439069292886415e+01
-9.726644791866419837e+01
-9.528684571960911853e+01
-9.328591467726801056e+01
-9.126398852740749135e+01
-8.922140410066276672e+01
-8.715850126255099894e+01
-8.507562285348467412e+01
-8.297311462809011573e+01
-8.085132519410763052e+01
-7.871060595110611757e+01
-7.655131102852465119e+01
-7.437379722326659248e+01
-7.217842393735190853e+01
-6.996555311492193141e+01
-6.773554917868386838e+01
-6.548877896640260587e+01
-6.322561166673767730e+01
-6.094641875500383321e+01
-5.865157392861146946e+01
-5.634145304194680648e+01
-5.401643404101196211e+01
-5.167689689815233578e+01
-4.932322354622738203e+01
-4.695579781226479099e+01
-4.457500535145663889e+01
-4.218123358047887450e+01
-3.977487161062526866e+01
-3.735631018110507284e+01
-3.492594159168220358e+01
-3.248415963505249238e+01
-3.003135952977390843e+01
-2.756793785219633719e+01
-2.509429246844592853e+01
-2.261082246695877984e+01
-2.011792808968675672e+01
-1.761601066388539039e+01
-1.510547253434197046e+01
-1.258671699413025635e+01
-1.006014821595090325e+01
-7.526171184243139578e+00
-4.985191625852166908e+00
-2.437615940962132299e+00
1.161488649668172002e-01
2.675695250691205729e+00
5.240615208189410623e+00
7.810500330877403030e+00
1.038494188308322919e+01
1.296353086903400254e+01
1.554585810133357882e+01
1.813151427004049765e+01
2.072009001166588860e+01
2.331117597732372815e+01
2.590436290200887015e+01
2.849924167312929058e+01
3.109540339849991142e+01
3.369243947517679771e+01
3.628994165793483262e+01
3.888750212688319152e+01
4.148471355569563457e+01
4.408116917999723228e+01
4.667646286429953761e+01
4.927018916990346042e+01
5.186194342259113910e+01
5.445132177923733252e+01
5.703792129497014685e+01
5.962133999042998767e+01
6.220117691753694089e+01
6.477703222612763057e+01
6.734850723049748922e+01
6.991520447426592000e+01
7.247672779659478692e+01
7.503268239758108393e+01
7.758267490243451903e+01
8.012631342667009449e+01
8.266320764086412964e+01
8.519296883383867680e+01
8.771520997673360398e+01
9.022954578703502193e+01
9.273559279032633640e+01
9.523296938386920374e+01
9.772129589899486746e+01
1.002001946619784576e+02
1.026692900566085882e+02
1.051282085852544697e+02
1.075765789285214851e+02
1.100140320066529966e+02
1.124402010391386284e+02
1.148547216035694873e+02
1.172572316951336688e+02
1.196473717851731635e+02
1.208393045453430830e+02
