-4.559002985114565121e+01
-4.601556565265127574e+01
-4.686410374119441258e+01
-4.770751219037538249e+01
-4.854566629579767323e+01
-4.937844239576224936e+01
-5.020571789094628912e+01
-5.102737126409647317e+01
-5.184328209943578258e+01
-5.265333110171559383e+01
-5.345740011531779601e+01
-5.425537214302403299e+01
-5.504713136445752752e+01
-5.583256315455673757e+01
-5.661155410168157687e+01
-5.738399202542495914e+01
-5.814976599438341509e+01
-5.890876634364758502e+01
-5.966088469189708121e+01
-6.040601395851354027e+01
-6.114404838032623957e+01
-6.187488352806212788e+01
-6.259841632270308764e+01
-6.331454505156943924e+01
-6.402316938396052137e+01
-6.472419038685984560e+01
-6.541751054021005984e+01
-6.610303375187231723e+01
-6.678066537251197587e+01
-6.745031221013960021e+01
-6.811188254429816880e+01
-6.876528614019116503e+01
-6.941043426241594716e+01
-7.004723968834969128e+01
-7.067561672150804952e+01
-7.129548120446270332e+01
-7.190675053143058904e+01
-7.250934366080218751e+01
-7.310318112725053652e+01
-7.368818505348190229e+01
-7.426427916193279088e+01
-7.483138878606314393e+01
-7.538944088125026610e+01
-7.593836403562727355e+01
-7.647808848052864050e+01
-7.700854610053374927e+01
-7.752967044344677561e+01
-7.804139672986639198e+01
-7.854366186235256464e+01
-7.903640443453878106e+01
-7.951956473982590978e+01
-7.999308477966678765e+01
-8.045690827176349558e+01
-8.091098065789810789e+01
-8.135524911130869441e+01
-8.178966254401257174e+01
-8.221417161369481619e+01
-8.262872873020751285e+01
-8.303328806197532685e+01
-8.342780554198452592e+01
-8.381223887335818290e+01
-8.418654753483224340e+01
-8.455069278585324355e+01
-8.490463767122082572e+01
-8.524834702565431144e+01
-8.558178747793499497e+01
-8.590492745465644475e+01
-8.621773718384520180e+01
-8.652018869817084123e+01
-8.681225583777722932e+01
-8.709391425296871603e+01
-8.736514140649114779e+01
-8.762591657541588575e+01
-8.787622085290786345e+01
-8.811603714956072508e+01
-8.834535019436088987e+01
-8.856414653550564253e+01
-8.877241454080649419e+01
-8.897014439772237893e+01
-8.915732811323277929e+01
-8.933395951333659468e+01
-8.950003424211399761e+01
-8.965554976069870463e+01
-8.980050534581005195e+01
-8.993490208792445628e+01
-9.005874288927725502e+01
-9.017203246150666018e+01
-9.027477732286706669e+01
-9.036698579531912401e+01
-9.044866800126419548e+01
-9.051983585978769042e+01
-9.058050308290285102e+01
-9.063068517128567692e+01
-9.067039940969016243e+01
-9.069966486220891966e+01
-9.071850236713180493e+01
-9.072693453147394393e+01
-9.072498572526683347e+01
-9.071268207559569419e+01
-9.069005146016206709e+01
-9.065712350074954884e+01
-9.061392955631299628e+01
-9.056050271568392418e+01
-9.049687779015721389e+01
-9.042309130565354280e+01
-9.033918149465444003e+01
-9.024518828781765478e+01
-9.014115330533104498e+01
-9.002711984793654665e+01
-8.990313288774814282e+01
-8.976923905874286902e+01
-8.962548664689984435e+01
-8.947192558024244136e+01
-8.930860741839546790e+01
-8.913558534202184092e+01
-8.895291414193707169e+01
-8.876065020791133975e+01
-8.855885151724260140e+01
-8.834757762309436657e+01
-8.812688964250651225e+01
-8.789685024416485248e+01
-8.765752363597471231e+01
-8.740897555219589776e+01
-8.715127324056652469e+01
-8.688448544900870729e+01
-8.660868241211051100e+01
-8.632393583736779874e+01
-8.603031889121552922e+01
-8.572790618478825309e+01
-8.541677375938274963e+01
-8.509699907181379785e+01
-8.476866097937704581e+01
-8.443183972471524612e+01
-8.408661692038026558e+01
-8.373307553316146823e+01
-8.337129986822253613e+01
-8.300137555300545955e+01
-8.262338952090294697e+01
-8.223742999472790416e+01
-8.184358646999316989e+01
-8.144194969785962712e+01
-8.103261166805589255e+01
-8.061566559148047872e+01
-8.019120588258908811e+01
-7.975932814165565787e+01
-7.932012913679142230e+01
-7.887370678576797900e+01
-7.842016013765112348e+01
-7.795958935430695647e+01
-7.749209569161297395e+01
-7.701778148058866691e+01
-7.653675010832279213e+01
-7.604910599866909138e+01
-7.555495459286458981e+01
-7.505440232992661720e+01
-7.454755662687141182e+01
-7.403452585881275638e+01
-7.351541933890757718e+01
-7.299034729807628707e+01
-7.245942086467674415e+01
-7.192275204396034383e+01
-7.138045369738703982e+01
-7.083263952185865264e+01
-7.027942402874018057e+01
-6.972092252279989566e+01
-6.915725108102114405e+01
-6.858852653126808718e+01
-6.801486643081227612e+01
-6.743638904480326346e+01
-6.685321332457971266e+01
-6.626545888586940691e+01
-6.567324598691652682e+01
-6.507669550645528034e+01
-6.447592892162526823e+01
-6.387106828580567708e+01
-6.326223620631151334e+01
-6.264955582200434492e+01
-6.203315078087916845e+01
-6.141314521751792199e+01
-6.078966373046569061e+01
-6.016283135957712602e+01
-5.953277356325099845e+01
-5.889961619562461692e+01
-5.826348548369969649e+01
-5.762450800442479704e+01
-5.698281066170170561e+01
-5.633852066335816744e+01
-5.569176549809014887e+01
-5.504267291232713433e+01
-5.439137088709651380e+01
-5.373798761483669750e+01
-5.308265147618658375e+01
-5.242549101674626399e+01
-5.176663492382249387e+01
-5.110621200315927126e+01
-5.044435115564760963e+01
-4.978118135402883127e+01
-4.911683161959672361e+01
-4.845143099890265148e+01
-4.778510854044679945e+01
-4.711799327140010973e+01
-4.645021417431667032e+01
-4.578190016386975003e+01
-4.511318006361784683e+01
-4.444418258276937195e+01
-4.377503629298894339e+01
-4.310586960524597089e+01
-4.243681074667370012e+01
-4.176798773747555060e+01
-4.109952836789898356e+01
-4.043156017521209833e+01
-3.976421042075480727e+01
-3.909760606706163344e+01
-3.843187375501224778e+01
-3.776713978104817215e+01
-3.710353007448702556e+01
-3.644117017486610166e+01
-3.578018520936916502e+01
-3.512069987037739338e+01
-3.446283839302986962e+01
-3.380672453290503654e+01
-3.315248154381606582e+01
-3.250023215565283863e+01
-3.185009855233761300e+01
-3.120220234991393227e+01
-3.055666457467737018e+01
-2.991360564145975331e+01
-2.927314533203457358e+01
-2.863540277358447383e+01
-2.800049641733357930e+01
-2.736854401730647623e+01
-2.673966260917632098e+01
-2.611396848924800906e+01
-2.549157719364666264e+01
-2.487260347752362577e+01
-2.425716129449392611e+01
-2.364536377621016072e+01
-2.303732321201982813e+01
-2.243315102886208479e+01
-2.183295777124521919e+01
-2.123685308141193673e+01
-2.064494567970473327e+01
-2.005734334501926242e+01
-1.947415289545074302e+01
-1.889548016918524809e+01
-1.832143000545715950e+01
-1.775210622573831643e+01
-1.718761161511406499e+01
-1.662804790383438558e+01
-1.607351574905760572e+01
-1.552411471673167398e+01
-1.497994326379375707e+01
-1.444109872041917697e+01
-1.390767727256161379e+01
-1.337977394470362924e+01
-1.285748258272496969e+01
-1.234089583708419013e+01
-1.183010514617035369e+01
-1.132520071982071386e+01
-1.082627152311215468e+01
-1.033340526042411511e+01
-9.846688359558356751e+00
-9.366205956239809893e+00
-8.892041878811596689e+00
-8.424278633089215873e+00
-7.962997387552604778e+00
-7.508277958676444541e+00
-7.060198796540589683e+00
-6.618836970762004057e+00
-6.184268156515372539e+00
-5.756566620861576666e+00
-5.335805209422687767e+00
-4.922055333169282676e+00
-4.515386955494250287e+00
-4.115868579642665281e+00
-3.723567236243070511e+00
-3.338548471174817678e+00
-2.960876333779651759e+00
-2.590613365166518633e+00
-2.227820586869711406e+00
-1.872557489843984513e+00
-1.524882023610189208e+00
-1.184850585678759671e+00
-8.525180114020258770e-01
-5.279375638870078546e-01
-2.111609242683698540e-01
9.776181758797974908e-02
3.987821723530942108e-01
6.918532601339393295e-01
9.769298189416986133e-01
1.253968213067309989e+00
1.522926441116851493e+00
1.783764143673124636e+00
2.036442610810809128e+00
2.280924789217806392e+00
2.517175288994167204e+00
2.745160390322325838e+00
2.964848049696229282e+00
3.176207905839419254e+00
3.379211285492601746e+00
3.573831208729643549e+00
3.760042394024821988e+00
3.937821263129990257e+00
4.107145945488809957e+00
4.267996282402236830e+00
4.420353830997100886e+00
4.564201867774499988e+00
4.699525391821225639e+00
4.826311127898861741e+00
4.944547529077226500e+00
5.054224779010382917e+00
5.155334794142618193e+00
5.247871225437847897e+00
5.331829459698838036e+00
5.407206620865053992e+00
5.474001570827567775e+00
5.532214909866979724e+00
5.581848976985838817e+00
5.622907849804050784e+00
5.655397344091397827e+00
5.679325013174093328e+00
5.694700146942977881e+00
5.701533770404694224e+00
5.699838642198301386e+00
5.689629252673967130e+00
5.670921821554657072e+00
5.643734295519152511e+00
5.608086345331230405e+00
5.563999362607773946e+00
5.511496456499116903e+00
5.450602449917369086e+00
5.381343875343645777e+00
5.303748970602555346e+00
5.217847674215136067e+00
5.123671620310688013e+00
5.021254133459024160e+00
4.910630223106636549e+00
4.791836577605863567e+00
4.664911558185394824e+00
4.529895192471940391e+00
4.386829167615360348e+00
4.235756823320571129e+00
4.076723144562038215e+00
3.909774753829879046e+00
3.734959903232720535e+00
3.552328466365452186e+00
3.361931929619004222e+00
3.163823383522640142e+00
2.958057513693120200e+00
2.744690591287508141e+00
2.523780463469847746e+00
2.295386543510630872e+00
2.059569800470399059e+00
1.816392748734870111e+00
1.565919437319735152e+00
1.308215438672505115e+00
1.043347837468218131e+00
7.713852190436227829e-01
4.923976573777508747e-01
2.064567030881789833e-01
-8.636462896879493201e-02
-3.859918724460840167e-01
-6.923491223410564999e-01
-1.005359048182299375e+00
-1.324942907587455920e+00
-1.651020559836979373e+00
-1.983510479807364391e+00
-2.322329772303419304e+00
-2.667394186413275747e+00
-3.018618130189224757e+00
-3.375914685679845206e+00
-3.739195624012154440e+00
-4.108371420844605382e+00
-4.483351272089294071e+00
-4.864043109723752423e+00
-5.250353617898781522e+00
-5.642188249384162191e+00
-6.039451242085760896e+00
-6.442045635811155080e+00
-6.849873289385413955e+00
-7.262834897801440093e+00
-7.680830009693181637e+00
-8.103757045085330901e+00
-8.531513313147570443e+00
-8.963995030297610356e+00
-9.401097338592535380e+00
-9.842714324101052625e+00
-1.028873903559633618e+01
-1.073906350350807770e+01
-1.119357875890045761e+01
-1.165217485273569764e+01
-1.211474087543456335e+01
-1.258116497633091058e+01
-1.305133438351595032e+01
-1.352513542393216994e+01
-1.400245354335265802e+01
-1.448317332676970182e+01
-1.496717851892117324e+01
-1.545435204482328118e+01
-1.594457603061528062e+01
-1.643773182459835880e+01
-1.693370001819448589e+01
-1.743236046723950494e+01
-1.793359231348631511e+01
-1.843727400600300825e+01
-1.894328332288341699e+01
-1.945149739312091697e+01
-1.996179271845130643e+01
-2.047404519543624701e+01
-2.098813013774042702e+01
-2.150392229831413715e+01
-2.202129589180958646e+01
-2.254012461724641980e+01
-2.306028168052080218e+01
-2.358163981715142654e+01
-2.410407131521242263e+01
-2.462744803818122818e+01
-2.515164144796608525e+01
-2.567652262810588581e+01
-2.620196230690271477e+01
-2.672783088068126744e+01
-2.725399843724517268e+01
-2.778033477922235761e+01
-2.830670944759003760e+01
-2.883299174525836861e+01
-2.935905076067137998e+01
-2.988475539149749238e+01
-3.040997436840461887e+01
-3.093457627880707150e+01
-3.145842959066294497e+01
-3.198140267644566848e+01
-3.250336383697458587e+01
-3.302418132535740369e+01
-3.354372337102722668e+01
-3.406185820368773420e+01
-3.457845407730837906e+01
-3.509337929423509195e+01
-3.560650222918366126e+01
-3.611769135328495395e+01
-3.662681525821381001e+01
-3.713374268018833391e+01
-3.763834252402602942e+01
-3.814048388726268968e+01
-3.864003608413668189e+01
-3.913686866959915278e+01
-3.963085146337607512e+01
-4.012185457391979071e+01
-4.060974842234145399e+01
-4.109440376638849557e+01
-4.157569172428702586e+01
-4.205348379857287000e+01
-4.252765189996262052e+01
-4.299806837104779333e+01
-4.346460601001172108e+01
-4.392713809430688343e+01
-4.438553840418626351e+01
-4.483968124626289864e+01
-4.528944147698712186e+01
-4.573469452598101270e+01
-4.617531641933692299e+01
-4.661118380291964058e+01
-4.704217396544163421e+01
-4.746816486152602010e+01
-4.788903513469995232e+01
-4.830466414022930621e+01
-4.871493196789651847e+01
-4.911971946468065653e+01
-4.951890825730697543e+01
-4.991238077464777234e+01
-5.030002027012005783e+01
-5.068171084387086012e+01
-5.105733746483383584e+01
-5.142678599273904183e+01
-5.178994319990169970e+01
-5.214669679294001980e+01
-5.249693543435751053e+01
-5.284054876390246136e+01
-5.317742741988877242e+01
-5.350746306029259358e+01
-5.383054838370708239e+01
-5.414657715021758122e+01
-5.445544420201031244e+01
-5.475704548384146619e+01
-5.505127806338668961e+01
-5.533804015142777644e+01
-5.561723112176832728e+01
-5.588875153106664584e+01
-5.615250313843989716e+01
-5.640838892490819489e+01
-5.665631311266724879e+01
-5.689618118409680392e+01
-5.712789990065448364e+01
-5.735137732150724332e+01
-5.756652282204004223e+01
-5.777324711207620567e+01
-5.797146225394135399e+01
-5.816108168029177250e+01
-5.834202021174951369e+01
-5.851419407432058506e+01
-5.867752091655256663e+01
-5.883191982654079766e+01
-5.897731134861078317e+01
-5.911361749988282099e+01
-5.924076178653649549e+01
-5.935866921981869382e+01
-5.946726633186426625e+01
-5.956648119128294638e+01
-5.965624341846069001e+01
-5.973648420064091624e+01
-5.980713630672562431e+01
-5.986813410185004614e+01
-5.991941356175084366e+01
-5.996091228678233165e+01
-5.999256951571715035e+01
-6.001432613927772763e+01
-6.002612471345400991e+01
-6.002790947248740849e+01
-6.001962634161100141e+01
-6.000122294949869683e+01
-5.997264864046974253e+01
-5.993385448643311975e+01
-5.988479329850360955e+01
-5.982541963833318732e+01
-5.975568982922413852e+01
-5.967556196691930381e+01
-5.958499593008218653e+01
-5.948395339052785857e+01
-5.937239782312644820e+01
-5.925029451545924530e+01
-5.911761057713829359e+01
-5.897431494886859582e+01
-5.882037841116834898e+01
-5.865577359278722724e+01
-5.848047497888819635e+01
-5.829445891889463383e+01
-5.809770363398001791e+01
-5.789018922431023384e+01
-5.767189767596482852e+01
-5.744281286755085603e+01
-5.720292057648566697e+01
-5.695220848500866850e+01
-5.669066618586293771e+01
-5.641828518755937694e+01
-5.613505891954991966e+01
-5.584098273689778580e+01
-5.553605392467670754e+01
-5.522027170206729352e+01
-5.489363722613597929e+01
-5.455615359528746922e+01
-5.420782585239248874e+01
-5.384866098758539010e+01
-5.347866794075071084e+01
-5.309785760370414209e+01
-5.270624282197422872e+01
-5.230383839640217047e+01
-5.189066108423685364e+01
-5.146672960002160835e+01
-5.103206461618265166e+01
-5.058668876315641683e+01
-5.013062662929223734e+01
-4.966390476042215596e+01
-4.918655165907603077e+01
-4.869859778339650802e+01
-4.820007554565108876e+01
-4.769101931049226550e+01
-4.717146539291661611e+01
-4.664145205578370224e+01
-4.610101950712305552e+01
-4.555020989702097722e+01
-4.498906731422448502e+01
-4.441763778243148408e+01
-4.383596925624624419e+01
-4.324411161675743642e+01
-4.264211666683240765e+01
-4.203003812613405898e+01
-4.140793162572936126e+01
-4.077585470237045229e+01
-4.013386679251743772e+01
-3.948202922603923071e+01
-3.882040521949147660e+01
-3.814905986919256975e+01
-3.746806014389494521e+01
-3.677747487716260366e+01
-3.607737475944759353e+01
-3.536783232984635106e+01
-3.464892196750133735e+01
-3.392071988268162386e+01
-3.318330410765611305e+01
-3.243675448712747311e+01
-3.168115266837776289e+01
-3.091658209113757039e+01
-3.014312797716775094e+01
-2.936087731947282009e+01
-2.856991887120057072e+01
-2.777034313430885959e+01
-2.696224234790315677e+01
-2.614571047614936106e+01
-2.532084319610112289e+01
-2.448773788509788574e+01
-2.364649360783278098e+01
-2.279721110321315791e+01
-2.193999277091097611e+01
-2.107494265752666252e+01
-2.020216644262109185e+01
-1.932177142437467410e+01
-1.843386650485081191e+01
-1.753856217522115912e+01
-1.663597050049975223e+01
-1.572620510407978145e+01
-1.480938115203844063e+01
-1.388561533704250905e+01
-1.295502586205293483e+01
-1.201773242384570040e+01
-1.107385619611250149e+01
-1.012351981233587139e+01
-9.166847348480587243e+00
-8.203964305368572241e+00
-7.234997590769125964e+00
-6.260075501267237996e+00
-5.279327703918170300e+00
-4.292885217536422715e+00
-3.300880393877378083e+00
-2.303446898518814123e+00
-1.300719691394078836e+00
-2.928350072525063297e-01
7.200696641320973868e-01
1.737855598145870317e+00
2.760382855594798457e+00
3.787510303184717486e+00
4.819095634381483251e+00
5.854995390302974556e+00
6.895064980927600118e+00
7.939158706538364640e+00
8.987129779320639500e+00
1.003883034515274630e+01
1.109411150568848825e+01
1.215282334056337277e+01
1.321481492979728500e+01
1.427993437648729014e+01
1.534802882952590153e+01
1.641894450664949545e+01
1.749252671768226719e+01
1.856861988774744532e+01
1.964706758092870587e+01
2.072771252397433273e+01
2.181039663011688390e+01
2.289496102315752069e+01
2.398124606166402373e+01
2.506909136336707888e+01
2.615833582960294734e+01
2.724881767010992917e+01
2.834037442772569193e+01
2.943284300338018511e+01
3.052605968124953506e+01
3.161986015393904381e+01
3.271407954786081973e+01
3.380855244874601340e+01
3.490311292720343772e+01
3.599759456450374273e+01
3.709183047850729054e+01
3.818565334944833012e+01
3.927889544612389727e+01
4.037138865206725313e+01
4.146296449181500066e+01
4.255345415721058089e+01
4.364268853395606129e+01
4.473049822811481135e+01
4.581671359268239030e+01
4.690116475445302058e+01
4.798368164061412244e+01
4.906409400570282742e+01
5.014223145855521580e+01
5.121792348919279902e+01
5.229099949590181495e+01
5.336128881234799337e+01
5.442862073469586903e+01
5.549282454872900416e+01
5.655372955723214545e+01
5.761116510707961424e+01
5.866496061661473505e+01
5.971494560300197918e+01
6.076094970948361151e+01
6.180280273279549874e+01
6.284033465053653345e+01
6.387337564851168281e+01
6.490175614819145267e+01
6.592530683413860970e+01
6.694385868123845285e+01
6.795724298220920900e+01
6.896529137494871975e+01
6.996783586991932680e+01
7.096470887741816114e+01
7.195574323492564872e+01
7.294077223440854141e+01
7.391962964948925219e+01
7.489214976277162350e+01
7.585816739293022692e+01
7.681751792181785277e+01
7.777003732163211680e+01
7.871556218184923637e+01
7.965392973616508243e+01
8.058497788948807283e+01
8.150854524466922157e+01
8.242447112929585273e+01
8.333259562238163198e+01
8.423275958090380300e+01
8.512480466637589416e+01
8.600857337124398327e+01
8.688390904522748315e+01
8.775065592150440352e+01
8.860865914288115164e+01
8.945776478779862373e+01
9.029781989621915272e+01
9.112867249548980908e+01
9.195017162592466775e+01
9.276216736638707516e+01
9.356451085977914772e+01
9.435705433825205546e+01
9.513965114837083092e+01
9.591215577619823307e+01
9.667442387208302534e+01
9.742631227541369299e+01
9.816767903925301653e+01
9.889838345465341263e+01
9.961828607496681798e+01
1.003272487399462989e+02
1.010251345996571217e+02
1.017118081382168384e+02
1.023871351973921264e+02
1.030509829999805334e+02
1.037032201730166889e+02
1.043437167708666493e+02
1.049723442979366155e+02
1.055889757314234885e+02
1.061934855437343685e+02
1.067857497246773164e+02
1.073656458035397918e+02
1.079330528709101600e+02
1.084878516002154356e+02
1.090299242692290136e+02
1.095591547812250610e+02
1.100754286857800253e+02
1.105786331996637273e+02
1.110686572272597914e+02
1.115453913808455582e+02
1.120087280005427601e+02
1.124585611741686080e+02
1.128947867567239882e+02
1.133173023896606537e+02
1.137260075200347273e+02
1.141208034190967737e+02
1.145015932008932396e+02
1.148682818406273327e+02
1.152207761924951228e+02
1.155589850074638889e+02
1.158828189508230935e+02
1.161921906192146707e+02
1.164870145576333016e+02
1.167672072760997253e+02
1.170326872658861248e+02
1.172833750156423775e+02
1.175191930272462741e+02
1.177400658311794359e+02
1.179459200017306557e+02
1.181366841719784588e+02
1.183122890482873117e+02
1.184726674247106075e+02
1.186177541969211688e+02
1.187474863758532138e+02
1.188618031012317715e+02
1.189606456545448054e+02
1.190439574718066069e+02
1.191116841559933164e+02
1.191637734892472054e+02
1.192001754446037012e+02
1.192208421974842167e+02
1.192257281369504653e+02
1.192147898764105776e+02
1.191879862641892487e+02
1.191452783937761524e+02
1.190866296135718585e+02
1.190120055364222935e+02
1.189213740488415851e+02
1.188147053198075582e+02
1.186919718093156462e+02
1.185531482765267128e+02
1.183982117875292488e+02
1.182271417228992050e+02
1.180399197848245194e+02
1.178365300038374244e+02
1.176169587453019858e+02
1.173811947155002144e+02
1.171292289673297091e+02
1.168610549057555374e+02
1.165766682928318119e+02
1.162760672523283603e+02
1.159592522741323961e+02
1.156262262181844420e+02
1.152769943180859968e+02
1.149115641843689986e+02
1.145299458074296410e+02
1.141321515599432530e+02
1.137181961992270089e+02
1.132880968689457291e+02
1.128418731004866800e+02
1.123795468142806726e+02
1.119011423203777440e+02
1.114066863188257344e+02
1.108962078996765399e+02
1.103697385426975188e+02
1.098273121165864268e+02
1.092689648779094114e+02
1.086947354696441153e+02
1.081046649193358462e+02
1.074987966369945980e+02
1.068771764125208392e+02
1.062398524127625024e+02
1.055868751782436448e+02
1.049182976196079835e+02
1.042341750135071834e+02
1.035345649983421481e+02
1.028195275694774864e+02
1.020891250741369731e+02
1.013434222059952390e+02
1.005824859993508653e+02
9.980638582298252004e+01
9.901519337350396199e+01
9.820898266859512660e+01
9.738783003967478180e+01
9.655181412431193166e+01
9.570101585824954782e+01
9.483551846703016963e+01
9.395540745741914179e+01
9.306077060827851710e+01
9.215169796118652812e+01
9.122828181069507991e+01
9.029061669425959735e+01
8.933879938174800373e+01
8.837292886466912023e+01
8.739310634506136921e+01
8.639943522390649377e+01
8.539202108938479796e+01
8.437097170468268814e+01
8.333639699543709867e+01
8.228840903689115294e+01
8.122712204070330699e+01
8.015265234136995787e+01
7.906511838245342005e+01
7.796464070229103527e+01
7.685134191942552206e+01
7.572534671787980187e+01
7.458678183185656962e+01
7.343577603023641132e+01
7.227246010075168670e+01
7.109696683383481286e+01
6.990943100609774774e+01
6.870998936360865628e+01
6.749878060471246499e+01
6.627594536256992797e+01
6.504162618758437020e+01
6.379596752921361258e+01
6.253911571764956534e+01
6.127121894523406809e+01
5.999242724744772204e+01
5.870289248367771506e+01
5.740276831770779609e+01
5.609221019787355544e+01
5.477137533691302451e+01
5.344042269159672287e+01
5.209951294205848171e+01
5.074880847076838108e+01
4.938847334133879485e+01
4.801867327696982102e+01
4.663957563866415512e+01
4.525134940320413079e+01
4.385416514075313899e+01
4.244819499233881288e+01
4.103361264698423838e+01
3.961059331861633837e+01
3.817931372266184553e+01
3.673995205250867002e+01
3.529268795565758410e+01
3.383770250956195014e+01
3.237517819738377511e+01
3.090529888337459852e+01
2.942824978810585890e+01
2.794421746345506108e+01
2.645338976732909941e+01
2.495595583822478147e+01
2.345210606953014576e+01
2.194203208361295765e+01
2.042592670574913427e+01
1.890398393777832098e+01
1.737639893158984705e+01
1.584336796242632772e+01
1.430508840197671816e+01
1.276175869125881945e+01
1.121357831332034038e+01
9.660747765840824286e+00
8.103468533417981234e+00
6.541943059735785937e+00
4.976374719656632806e+00
3.406967790995167888e+00
1.833927426202080824e+00
2.574596239373931894e-01
-1.322228799618187622e+00
-2.904930239518307644e+00
-4.490436330952888966e+00
-6.078537978377880791e+00
-7.669025384668202605e+00
-9.261688080448038818e+00
-1.085631495359621113e+01
-1.245269427881294177e+01
-1.405061374731303658e+01
-1.564986049667777479e+01
-1.725022114079820312e+01
-1.885148179983889349e+01
-2.045342813047136588e+01
-2.205584535608841179e+01
-2.365851829710800303e+01
-2.526123140141044132e+01
-2.686376877486964077e+01
-2.846591421188804816e+01
-3.006745122606980658e+01
-3.166816308104444033e+01
-3.326783282108817730e+01
-3.486624330210133849e+01
-3.646317722253434113e+01
-3.805841715427959571e+01
-3.965174557372347408e+01
-4.124294489281464848e+01
-4.283179749012242610e+01
-4.441808574197057169e+01
-4.600159205367481263e+01
-4.758209889057025066e+01
-4.915938880933572364e+01
-5.073324448918219787e+01
-5.230344876304980062e+01
-5.386978464886078655e+01
-5.543203538073748859e+01
-5.698998444022936383e+01
-5.854341558754322250e+01
-6.009211289280437995e+01
-6.163586076709043482e+01
-6.317444399374880959e+01
-6.470764775948464376e+01
-6.623525768545005121e+01
-6.775705985832519218e+01
-6.927284086136114638e+01
-7.078238780532410601e+01
-7.228548835946503459e+01
-7.378193078244885328e+01
-7.527150395299395313e+01
-7.675399740080865740e+01
-7.822920133721390812e+01
-7.969690668572411596e+01
-8.115690511259572304e+01
-8.260898905728708996e+01
-8.405295176278787039e+01
-8.548858730591928179e+01
-8.691569062756161657e+01
-8.833405756253250729e+01
-8.974348486976305139e+01
-9.114377026205329457e+01
-9.253471243579951988e+01
-9.391611110065377943e+01
-9.528776700899152274e+01
-9.664948198526212764e+01
-9.800105895526394306e+01
-9.934230197530882833e+01
-1.006730162609228501e+02
-1.019930082159203266e+02
-1.033020854609696926e+02
-1.046000568620540889e+02
-1.058867325588719268e+02
-1.071619239929784726e+02
-1.084254439357648607e+02
-1.096771065164068659e+02
-1.109167272494894405e+02
-1.121441230623593128e+02
-1.133591123225953652e+02
-1.145615148650201718e+02
-1.157511520186585585e+02
-1.169278466334208133e+02
-1.180914231066399225e+02
-1.192417074093623341e+02
-1.203785271124536393e+02
-1.215017114125481612e+02
-1.226110911575896125e+02
-1.237064988723873284e+02
-1.247877687838247311e+02
-1.258547368458019946e+02
-1.269072407640394431e+02
-1.279451200206012800e+02
-1.289682158981038924e+02
-1.299763715038779424e+02
-1.309694317937381811e+02
-1.319472435953617264e+02
-1.329096556317581417e+02
-1.338565185442211884e+02
-1.347876849151161878e+02
-1.357030092903082732e+02
-1.366023482014361718e+02
-1.374855601878903144e+02
-1.383525058184263230e+02
-1.392030477126452297e+02
-1.400370505619855521e+02
-1.408543811506583268e+02
-1.416549083761650536e+02
-1.424385032694897291e+02
-1.432050390150921544e+02
-1.439543909705554370e+02
-1.446864366858577569e+02
-1.454010559225423549e+02
-1.460981306724371507e+02
-1.467775451758832332e+02
-1.474391859400734575e+02
-1.480829417567558721e+02
-1.487087037197115933e+02
-1.493163652418563743e+02
-1.499058220721265116e+02
-1.504769723119325135e+02
-1.510297164313774374e+02
-1.515639572851141565e+02
-1.520796001276341940e+02
-1.525765526287136709e+02
-1.530547248880557163e+02
-1.535140294498110052e+02
-1.539543813167199460e+02
-1.543756979638744724e+02
-1.547778993521267239e+02
-1.551609079413046857e+02
-1.555246487028330193e+02
-1.558690491320276124e+02
-1.561940392603000873e+02
-1.564995516666690492e+02
-1.567855214891860669e+02
-1.570518864357341045e+02
-1.572985867946367762e+02
-1.575255654448951645e+02
-1.577327678659967205e+02
-1.579201421474144809e+02
-1.580876389975869643e+02
-1.582352117527420887e+02
-1.583628163852304169e+02
-1.584704115114345768e+02
-1.585579583993967390e+02
-1.586254209760218146e+02
-1.586727658338818401e+02
-1.586999622377034029e+02
-1.587069821304553443e+02
-1.586938001389335113e+02
-1.586603935791490585e+02
-1.586067424612424475e+02
-1.585328294939426996e+02
-1.584386400887665332e+02
-1.583241623637682096e+02
-1.581893871468550969e+02
-1.580343079788317482e+02
-1.578589211159796832e+02
-1.576632255321710545e+02
-1.574472229207503915e+02
-1.572109176959529577e+02
-1.569543169939315703e+02
-1.566774306733032063e+02
-1.563802713154673256e+02
-1.560628542244603523e+02
-1.557251974263635930e+02
-1.553673216684401268e+02
-1.549892504176859802e+02
-1.545910098591966744e+02
-1.541726288940990344e+02
-1.537341391369318444e+02
-1.532755749127973104e+02
-1.527969732541141639e+02
-1.522983738968350735e+02
-1.517798192764857959e+02
-1.512413545237504877e+02
-1.506830274593921786e+02
-1.501048885891732425e+02
-1.495069910982938381e+02
-1.488893908452691903e+02
-1.482521463555331138e+02
-1.475953188146540924e+02
-1.469189720611830126e+02
-1.462231725791170902e+02
-1.455079894899372448e+02
-1.447734945442562093e+02
-1.440197621131328560e+02
-1.432468691790109006e+02
-1.424548953262219584e+02
-1.416439227311520881e+02
-1.408140361520927399e+02
-1.399653229185087184e+02
-1.390978729201733586e+02
-1.382117785958471359e+02
-1.373071349214878865e+02
-1.363840393982409296e+02
-1.354425920399935421e+02
-1.344828953605256174e+02
-1.335050543603547339e+02
-1.325091765132347064e+02
-1.314953717521557337e+02
-1.304637524553054391e+02
-1.294144334312677529e+02
-1.283475319040380782e+02
-1.272631674979193122e+02
-1.261614622216893622e+02
-1.250425404526595230e+02
-1.239065289202444546e+02
-1.227535566893820942e+02
-1.215837551434105990e+02
-1.203972579666942693e+02
-1.191942011270102739e+02
-1.179747228573451139e+02
-1.167389636376319686e+02
-1.154870661760724033e+02
-1.142191753900206095e+02
-1.129354383866684657e+02
-1.116360044433986332e+02
-1.103210249877629394e+02
-1.089906535772606730e+02
-1.076450458786221134e+02
-1.062843596469247132e+02
-1.049087547044382518e+02
-1.035183929190170602e+02
-1.021134381823412696e+02
-1.006940563877105888e+02
-9.926041540771984728e+01
-9.781268507150707592e+01
-9.635103714177603251e+01
-9.487564529158225923e+01
-9.338668508066984941e+01
-9.188433393173181685e+01
-9.036877110632121912e+01
-8.884017768042031094e+01
-8.729873651985326433e+01
-8.574463225539693667e+01
-8.417805125757331552e+01
-8.259918161133646208e+01
-8.100821309035927698e+01
-7.940533713107652147e+01
-7.779074680664780317e+01
-7.616463680050765106e+01
-7.452720337975188158e+01
-7.287864436825657322e+01
-7.121915911963878898e+01
-6.954894848994808854e+01
-6.786821481007245893e+01
-6.617716185810240859e+01
-6.447599483129306464e+01
-6.276492031790257897e+01
-6.104414626888137718e+01
-5.931388196926127421e+01
-5.757433800939907087e+01
-5.582572625606189831e+01
-5.406825982319969626e+01
-5.230215304270677734e+01
-5.052762143489417213e+01
-4.874488167880190304e+01
-4.695415158236573916e+01
-4.515565005237294827e+01
-4.334959706435620319e+01
-4.153621363220190688e+01
-3.971572177769121481e+01
-3.788834449987007247e+01
-3.605430574428464752e+01
-3.421383037206578592e+01
-3.236714412886794889e+01
-3.051447361368082056e+01
-2.865604624761181185e+01
-2.679209024236297410e+01
-2.492283456873701653e+01
-2.304850892499962356e+01
-2.116934370509261498e+01
-1.928556996680163138e+01
-1.739741939980740426e+01
-1.550512429361515387e+01
-1.360891750540395151e+01
-1.170903242785607290e+01
-9.805702956817185623e+00
-7.899163458956536488e+00
-5.989648739290714730e+00
-4.077394008703777217e+00
-2.162634851372786216e+00
-2.456071921515103895e-01
1.673452736093167914e+00
3.594308425221242942e+00
5.516723124550480861e+00
7.440459873660074663e+00
9.365281535197937046e+00
1.129095082774438197e+01
1.321723035868853913e+01
1.514388265708657855e+01
1.707067020657996181e+01
1.899735547829550342e+01
2.092370096374179411e+01
2.284946920772563317e+01
2.477442284125572769e+01
2.669832461438272730e+01
2.862093742910838046e+01
3.054202437220737920e+01
3.246134874804374704e+01
3.437867411137267482e+01
3.629376430005140719e+01
3.820638346777195693e+01
4.011629611673379259e+01
4.202326713022011972e+01
4.392706180514142034e+01
4.582744588457535428e+01
4.772418559015568462e+01
4.961704765444119403e+01
5.150579935317546187e+01
5.339020853749752860e+01
5.527004366610344732e+01
5.714507383722775558e+01
5.901506882053945446e+01
6.087979908905072080e+01
6.273903585085099621e+01
6.459255108064462547e+01
6.644011755134306441e+01
6.828150886544244713e+01
7.011649948626836704e+01
7.194486476912061335e+01
7.376638099234696710e+01
7.558082538819871843e+01
7.738797617348973290e+01
7.918761258029735473e+01
8.097951488636681461e+01
8.276346444541741221e+01
8.453924371724133380e+01
8.630663629768605460e+01
8.806542694851123088e+01
8.981540162699457142e+01
9.155634751536672411e+01
9.328805305007335846e+01
9.501030795097358350e+01
9.672290325014728296e+01
9.842563132062423392e+01
1.001182859049513354e+02
1.018006621434960834e+02
1.034725566024935688e+02
1.051337673020225338e+02
1.067840937437285902e+02
1.084233369381654484e+02
1.100512994321470615e+02
1.116677853357650747e+02
1.132726003492043674e+02
1.148655517892184434e+02
1.164464486155047780e+02
1.180151014568655228e+02
1.195713226369898621e+02
1.211149261999798910e+02
1.226457279357655352e+02
1.241635454052538989e+02
1.256681979649983987e+02
1.271595067919151916e+02
1.286372949074884673e+02
1.301013872017792892e+02
1.315516104572461700e+02
1.329877933722136731e+02
1.344097665841027265e+02
1.358173626921607138e+02
1.372104162803025247e+02
1.385887639393258723e+02
1.399522442889647209e+02
1.413006979997180679e+02
1.426339678141648619e+02
1.439518985681170307e+02
1.452543372115951570e+02
1.465411328292311737e+02
1.478121366604518698e+02
1.490672021194886838e+02
1.503061848148572608e+02
1.515289425687233233e+02
1.527353354356437194e+02
1.539252257213365738e+02
1.550984780011094699e+02
1.562549591373581279e+02
1.573945382975462053e+02
1.585170869714384025e+02
1.596224789878897354e+02
1.607105905316084318e+02
1.617813001592303408e+02
1.628344888153760621e+02
1.638700398482351375e+02
1.648878390244944967e+02
1.658877745445024630e+02
1.668697370567406324e+02
1.678336196717264102e+02
1.687793179759892155e+02
1.697067300454427823e+02
1.706157564585246291e+02
1.715063003086561366e+02
1.723782672167626515e+02
1.732315653433824991e+02
1.740661053997873751e+02
1.748818006595793122e+02
1.756785669694963872e+02
1.764563227597054720e+02
1.772149890541104469e+02
1.779544894797672896e+02
1.786747502765601894e+02
1.793757003061045907e+02
1.800572710599026323e+02
1.807193966680497397e+02
1.813620139069216748e+02
1.819850622063677292e+02
1.825884836569425715e+02
1.831722230165100882e+02
1.837362277165962041e+02
1.842804478680291140e+02
1.848048362666218054e+02
1.853093483983147962e+02
1.857939424437126945e+02
1.862585792824615964e+02
1.867032224971376309e+02
1.871278383769317770e+02
1.875323959206261861e+02
1.879168668394017914e+02
1.882812255591225039e+02
1.886254492224475143e+02
1.889495176902087223e+02
1.892534135426858484e+02
1.895371220805573103e+02
1.898006313248556580e+02
1.900439320173445594e+02
1.902670176199344496e+02
1.904698843139390192e+02
1.906525309989344805e+02
1.908149592911090622e+02
1.909571735211916348e+02
1.910791807323053035e+02
1.911809906771800343e+02
1.912626158147820661e+02
1.913240713070338188e+02
1.913653750147191204e+02
1.913865474933172663e+02
1.913876119880826536e+02
1.913685944291026999e+02
1.913295234260098141e+02
1.912704302616302812e+02
1.911913488861200676e+02
1.910923159102871978e+02
1.909733705984451717e+02
1.908345548611382014e+02
1.906759132472550959e+02
1.904974929360017768e+02
1.902993437283556943e+02
1.900815180379470064e+02
1.898440708820521650e+02
1.895870598719382087e+02
1.893105452025398563e+02
1.890145896423647400e+02
1.886992585226024346e+02
1.883646197260694066e+02
1.880107436755554886e+02
1.876377033220881003e+02
1.872455741328628847e+02
1.868344340784233282e+02
1.864043636196814759e+02
1.859554456948744701e+02
1.854877657058857494e+02
1.850014115041094556e+02
1.844964733761087246e+02
1.839730440291182276e+02
1.834312185759622480e+02
1.828710945195014119e+02
1.822927717370193932e+02
1.816963524643454093e+02
1.810819412793057381e+02
1.804496450849753728e+02
1.797995730928082594e+02
1.791318368051706784e+02
1.784465499975335661e+02
1.777438287007894360e+02
1.770237911825838637e+02
1.762865579288454683e+02
1.755322516248902502e+02
1.747609971359079282e+02
1.739729214877515915e+02
1.731681538467946666e+02
1.723468254997619624e+02
1.715090698334447552e+02
1.706550223138938236e+02
1.697848204651859305e+02
1.688986038481812102e+02
1.679965140390490888e+02
1.670786946072093997e+02
1.661452910931661791e+02
1.651964509860708858e+02
1.642323237010205048e+02
1.632530605560059485e+02
1.622588147488036157e+02
1.612497413332471297e+02
1.602259971955950277e+02
1.591877410305601188e+02
1.581351333168031488e+02
1.570683362927484268e+02
1.559875139315445267e+02
1.548928319162596381e+02
1.537844576144616440e+02
1.526625600529541771e+02
1.515273098920806660e+02
1.503788793995536253e+02
1.492174424246977651e+02
1.480431743719591395e+02
1.468562521742114768e+02
1.456568542662171239e+02
1.444451605576578004e+02
1.432213524058361145e+02
1.419856125884507492e+02
1.407381252760633288e+02
1.394790760042387774e+02
1.382086516458793994e+02
1.369270403829859788e+02
1.356344316784097828e+02
1.343310162475318066e+02
1.330169860296300612e+02
1.316925341590686003e+02
1.303578549365329309e+02
1.290131437999498303e+02
1.276585972952243537e+02
1.262944130469704760e+02
1.249207897290225446e+02
1.235379270348857972e+02
1.221460256479294912e+02
1.207452872115754872e+02
1.193359142992912894e+02
1.179181103845903635e+02
1.164920798107395967e+02
1.150580277604312869e+02
1.136161602255315302e+02
1.121666839764457109e+02
1.107098065315421991e+02
1.092457361265487634e+02
1.077746816837316146e+02
1.062968527810071464e+02
1.048124596211773678e+02
1.033217130007888045e+02
1.018248242791787561e+02
1.003220053473933149e+02
9.881346859689620032e+01
9.729942688854771404e+01
9.578009352120625408e+01
9.425568220049262891e+01
9.272640700744432252e+01
9.119248236719886336e+01
8.965412301755804947e+01
8.811154397754489764e+01
8.656496051609974529e+01
8.501458812058262993e+01
8.346064246524383634e+01
8.190333937988998514e+01
8.034289481846735725e+01
7.877952482747969043e+01
7.721344551468973805e+01
7.564487301766803284e+01
7.407402347236165951e+01
7.250111298181491293e+01
7.092635758476626506e+01
6.934997322440813150e+01
6.777217571705841692e+01
6.619318072103214945e+01
6.461320370539942815e+01
6.303245991890980804e+01
6.145116435896125040e+01
5.986953174057180149e+01
5.828777646546495816e+01
5.670611259124052594e+01
5.512475380057639995e+01
5.354391337056404154e+01
5.196380414209579612e+01
5.038463848929586675e+01
4.880662828920139873e+01
4.722998489136443823e+01
4.565491908763942774e+01
4.408164108211531129e+01
4.251036046108310984e+01
4.094128616317902924e+01
3.937462644961669866e+01
3.781058887456492812e+01
3.624938025563642441e+01
3.469120664454203506e+01
3.313627329784685571e+01
3.158478464788640849e+01
3.003694427387745236e+01
2.849295487307426811e+01
2.695301823215413606e+01
2.541733519878653169e+01
2.388610565334965941e+01
2.235952848071610788e+01
2.083780154236046656e+01
1.932112164856880554e+01
1.780968453083914937e+01
1.630368481444020290e+01
1.480331599121382169e+01
1.330877039256483840e+01
1.182023916255457152e+01
1.033791223133812309e+01
8.861978288723548758e+00
7.392624757909288746e+00
5.930037769518094137e+00
4.474402135801938130e+00
3.025901325083395932e+00
1.584717436368009658e+00
1.510311742404155666e-01
-1.274978175959404325e+00
-2.693132772885292070e+00
-4.103256243550276849e+00
-5.505173707462745369e+00
-6.898711800626188051e+00
-8.283698699156957446e+00
-9.659964142743774573e+00
-1.102733945781073999e+01
-1.238565758039658249e+01
-1.373475307885382790e+01
-1.507446217618962692e+01
-1.640462277217557130e+01
-1.772507446524650732e+01
-1.903565857398461958e+01
-2.033621815846890968e+01
-2.162659804125178198e+01
-2.290664482809188485e+01
-2.417620692841046548e+01
-2.543513457539847877e+01
-2.668327984588358959e+01
-2.792049667987885186e+01
-2.914664089986399631e+01
-3.036157022974293795e+01
-3.156514431349387451e+01
-3.275722473344831087e+01
-3.393767502842820249e+01
-3.510636071146291215e+01
-3.626314928712599794e+01
-3.740791026871374925e+01
-3.854051519495442335e+01
-3.966083764650829835e+01
-4.076875326212575601e+01
-4.186413975434516033e+01
-4.294687692512889043e+01
-4.401684668090456398e+01
-4.507393304735887796e+01
-4.611802218406592146e+01
-4.714900239850794605e+01
-4.816676415989149973e+01
-4.917120011267616064e+01
-5.016220508970036462e+01
-5.113967612493979686e+01
-5.210351246591471863e+01
-5.305361558585173043e+01
-5.398988919545809040e+01
-5.491223925419399166e+01
-5.582057398143660976e+01
-5.671480386712755717e+01
-5.759484168210383359e+01
-5.846060248811045312e+01
-5.931200364740288933e+01
-6.014896483206757694e+01
-6.097140803283400601e+01
-6.177925756772583554e+01
-6.257244009025635023e+01
-6.335088459719918319e+01
-6.411452243600160728e+01
-6.486328731206322118e+01
-6.559711529536525632e+01
-6.631594482678701752e+01
-6.701971672422041593e+01
-6.770837418816608988e+01
-6.838186280705122044e+01
-6.904013056203439191e+01
-6.968312783165947621e+01
-7.031080739595108753e+01
-7.092312444023173157e+01
-7.152003655857424747e+01
-7.210150375686862390e+01
-7.266748845545316726e+01
-7.321795549147373094e+01
-7.375287212090825051e+01
-7.427220802005922451e+01
-7.477593528679608426e+01
-7.526402844138374348e+01
-7.573646442695189762e+01
-7.619322260969056515e+01
-7.663428477846628084e+01
-7.705963514424183813e+01
-7.746926033910131082e+01
-7.786314941480941343e+01
-7.824129384113984997e+01
-7.860368750383622682e+01
-7.895032670195814717e+01
-7.928121014512544207e+01
-7.959633895049137209e+01
-7.989571663891001663e+01
-8.017934913112640061e+01
-8.044724474361737521e+01
-8.069941418369035091e+01
-8.093587054462204833e+01
-8.115662930039707135e+01
-8.136170829970251361e+01
-8.155112776004170883e+01
-8.172491026132138359e+01
-8.188308073885127669e+01
-8.202566647642379394e+01
-8.215269709873700776e+01
-8.226420456343385013e+01
-8.236022315306126984e+01
-8.244078946648915007e+01
-8.250594240994723805e+01
-8.255572318780741625e+01
-8.259017529311950057e+01
-8.260934449752858200e+01
-8.261327884108231956e+01
-8.260202862173809990e+01
-8.257564638428357284e+01
-8.253418690910984878e+01
-8.247770720073276607e+01
-8.240626647570024943e+01
-8.231992615043509431e+01
-8.221874982875488058e+01
-8.210280328870157973e+01
-8.197215446959580731e+01
-8.182687345845715754e+01
-8.166703247596979054e+01
-8.149270586248439940e+01
-8.130397006363273249e+01
-8.110090361530365044e+01
-8.088358712860917876e+01
-8.065210327473505458e+01
-8.040653676894635282e+01
-8.014697435470861819e+01
-7.987350478754342475e+01
-7.958621881818180555e+01
-7.928520917588139127e+01
-7.897057055134791881e+01
-7.864239957901645539e+01
-7.830079481955090159e+01
-7.794585674189602287e+01
-7.757768770477559883e+01
-7.719639193831335433e+01
-7.680207552527463122e+01
-7.639484638179055764e+01
-7.597481423818953772e+01
-7.554209061940764514e+01
-7.509678882494972640e+01
-7.463902390893144911e+01
-7.416891265978028969e+01
-7.368657357945539843e+01
-7.319212686272476276e+01
-7.268569437610221939e+01
-7.216739963638701738e+01
-7.163736778921156656e+01
-7.109572558738000225e+01
-7.054260136862467334e+01
-6.997812503346267476e+01
-6.940242802291777480e+01
-6.881564329559387261e+01
-6.821790530496400606e+01
-6.760934997637332344e+01
-6.699011468351500298e+01
-6.636033822515264546e+01
-6.572016080148841866e+01
-6.506972399003689134e+01
-6.440917072181855474e+01
-6.373864525712906470e+01
-6.305829316086965264e+01
-6.236826127822814669e+01
-6.166869770989569588e+01
-6.095975178691651308e+01
-6.024157404574816610e+01
-5.951431620314451720e+01
-5.877813113048796367e+01
-5.803317282830403201e+01
-5.727959640073640912e+01
-5.651755802940942885e+01
-5.574721494762388829e+01
-5.496872541429320336e+01
-5.418224868741663158e+01
-5.338794499793903015e+01
-5.258597552327546509e+01
-5.177650236041336029e+01
-5.095968849943619716e+01
-5.013569779664248927e+01
-4.930469494741282688e+01
-4.846684545938796873e+01
-4.762231562526358175e+01
-4.677127249536306408e+01
-4.591388385053505772e+01
-4.505031817475037315e+01
-4.418074462734466579e+01
-4.330533301570221738e+01
-4.242425376765413603e+01
-4.153767790349820643e+01
-4.064577700846257358e+01
-3.974872320493477673e+01
-3.884668912429424381e+01
-3.793984787925228375e+01
-3.702837303590195006e+01
-3.611243858542593443e+01
-3.519221891640972899e+01
-3.426788878656043380e+01
-3.333962329450969264e+01
-3.240759785200498300e+01
-3.147198815558749629e+01
-3.053297015834687045e+01
-2.959072004191375527e+01
-2.864541418830867769e+01
-2.769722915160946286e+01
-2.674634162998381726e+01
-2.579292843741995966e+01
-2.483716647555047530e+01
-2.387923270572036927e+01
-2.291930412079318558e+01
-2.195755771692893177e+01
-2.099417046572307299e+01
-2.002931928626458102e+01
-1.906318101689703326e+01
-1.809593238761453904e+01
-1.712774999200155435e+01
-1.615881025932822013e+01
-1.518928942708180330e+01
-1.421936351307795121e+01
-1.324920828777658244e+01
-1.227899924682697019e+01
-1.130891158359327164e+01
-1.033912016159820269e+01
-9.369799487338241306e+00
-8.401123683066543890e+00
-7.433266459444439533e+00
-6.466401088670409081e+00
-5.500700377577686595e+00
-4.536336640517674823e+00
-3.573481672821799293e+00
-2.612306724241534539e+00
-1.652982472156963922e+00
-6.956789954924715857e-01
2.594342517263612535e-01
1.212188466598945524e+00
2.162415523100207793e+00
3.109947998089410248e+00
4.054619197098872974e+00
4.996263179863490222e+00
5.934714785696996842e+00
6.869809658940539521e+00
7.801384273862367991e+00
8.729275959793540096e+00
9.653322926010787342e+00
1.057336428612279633e+01
1.148924008262838470e+01
1.240079131139100355e+01
1.330785994559391838e+01
1.421028895956942506e+01
1.510792235282497131e+01
1.600060517329666254e+01
1.688818354090199136e+01
1.777050467076514906e+01
1.864741689591846807e+01
1.951876969026307052e+01
2.038441369111342283e+01
2.124420072149268890e+01
2.209798381226437414e+01
2.294561722413209282e+01
2.378695646914457029e+01
2.462185833232661025e+01
2.545018089297855113e+01
2.627178354543957539e+01
2.708652702006065738e+01
2.789427340372503750e+01
2.869488616010949045e+01
2.948823014974777834e+01
3.027417164994130871e+01
3.105257837411818400e+01
3.182331949132321824e+01
3.258626564535143189e+01
3.334128897330128893e+01
3.408826312421615512e+01
3.482706327753794540e+01
3.555756616097369260e+01
3.627965006816748428e+01
3.699319487641469095e+01
3.769808206361767589e+01
3.839419472537747424e+01
3.908141759168120188e+01
3.975963704309788227e+01
4.042874112701383638e+01
4.108861957339604487e+01
4.173916381032995560e+01
4.238026697923214670e+01
4.301182394983561608e+01
4.363373133470258836e+01
4.424588750370776324e+01
4.484819259814094039e+01
4.544054854426167367e+01
4.602285906681481720e+01
4.659502970232870211e+01
4.715696781184487918e+01
4.770858259335636831e+01
4.824978509424954609e+01
4.878048822300615939e+01
4.930060676092898575e+01
4.981005737347686591e+01
5.030875862107177454e+01
5.079663096987405879e+01
5.127359680209065118e+01
5.173958042602498608e+01
5.219450808575174960e+01
5.263830797050286492e+01
5.307091022364102173e+01
5.349224695148268438e+01
5.390225223175593783e+01
5.430086212148898994e+01
5.468801466489048835e+01
5.506364990073052468e+01
5.542770986945788536e+01
5.578013861991757949e+01
5.612088221587009684e+01
5.644988874191312789e+01
5.676710830934553087e+01
5.707249306172707293e+01
5.736599717972694634e+01
5.764757688600229812e+01
5.791719044969067909e+01
5.817479819036725530e+01
5.842036248186195735e+01
5.865384775578149856e+01
5.887522050437473808e+01
5.908444928343305946e+01
5.928150471468597971e+01
5.946635948780021863e+01
5.963898836221687816e+01
5.979936816842746339e+01
5.994747780914713076e+01
6.008329825999135210e+01
6.020681256991247210e+01
6.031800586113240570e+01
6.041686532892072137e+01
6.050338024111260893e+01
6.057754193695382128e+01
6.063934382583011029e+01
6.068878138582567772e+01
6.072585216159313859e+01
6.075055576204977115e+01
6.076289385795098497e+01
6.076287017871163698e+01
6.075049050924098992e+01
6.072576268629018159e+01
6.068869659452047927e+01
6.063930416226594389e+01
6.057759935680951457e+01
6.050359817959633801e+01
6.041731866095688019e+01
6.031878085443895543e+01
6.020800683097331785e+01
6.008502067265817459e+01
5.994984846622355690e+01
5.980251829613007430e+01
5.964306023741028184e+01
5.947150634817990067e+01
5.928789066178796929e+01
5.909224917876963445e+01
5.888461985837238899e+01
5.866504260977762897e+01
5.843355928307028080e+01
5.819021365989829064e+01
5.793505144377922988e+01
5.766812025013678067e+01
5.738946959606437304e+01
5.709915088966408803e+01
5.679721741928824486e+01
5.648372434234443062e+01
5.615872867378675437e+01
5.582228927441065025e+01
5.547446683880934870e+01
5.511532388308114605e+01
5.474492473219288513e+01
5.436333550702147477e+01
5.397062411131446424e+01
5.356686021818404697e+01
5.315211525637732848e+01
5.272646239625555609e+01
5.228997653553233249e+01
5.184273428483174939e+01
5.138481395277722186e+01
5.091629553098391625e+01
5.043726067871102714e+01
4.994779270729304699e+01
4.944797656433547672e+01
4.893789881759039417e+01
4.841764763865376153e+01
4.788731278634259070e+01
4.734698558987474826e+01
4.679675893190506031e+01
4.623672723113395477e+01
4.566698642471601488e+01
4.508763395062578638e+01
4.449876872961976915e+01
4.390049114700286736e+01
4.329290303418383701e+01
4.267610764998153172e+01
4.205020966184838471e+01
4.141531512674282567e+01
4.077153147180342785e+01
4.011896747484843218e+01
3.945773324472156673e+01
3.878794020138502674e+01
3.810970105575870548e+01
3.742312978953668789e+01
3.672834163461175194e+01
3.602545305241164897e+01
3.531458171320900874e+01
3.459584647496103571e+01
3.386936736207826470e+01
3.313526554418331216e+01
3.239366331455494219e+01
3.164468406835112546e+01
3.088845228083027905e+01
3.012509348530238640e+01
2.935473425097370637e+01
2.857750216067142901e+01
2.779352578836551402e+01
2.700293467649771628e+01
2.620585931335062924e+01
2.540243111019117350e+01
2.459278237815578905e+01
2.377704630522657681e+01
2.295535693294186785e+01
2.212784913304312795e+01
2.129465858403818856e+01
2.045592174759440240e+01
1.961177584476718039e+01
1.876235883231674961e+01
1.790780937881936552e+01
1.704826684054842190e+01
1.618387123755837820e+01
1.531476322942944535e+01
1.444108409099590062e+01
1.356297568815716659e+01
1.268058045341058460e+01
1.179404136127504898e+01
1.090350190396384278e+01
1.000910606667002867e+01
9.110998302856387454e+00
8.209323509787282092e+00
7.304227003518462880e+00
6.395854494147897640e+00
5.484352061223034980e+00
4.569866128575995390e+00
3.652543439403416414e+00
2.732531031623693707e+00
1.809976212703986675e+00
8.850265345799925853e-01
-4.217023105593398213e-02
-9.714661179896211252e-01
-1.902712990525287751e+00
-2.835762568263817229e+00
-3.770466451325773960e+00
-4.706676145397068467e+00
-5.644243086585447600e+00
-6.583018666510724870e+00
-7.522854257348626561e+00
-8.463601236579961551e+00
-9.405111012139968807e+00
-1.034723504729663546e+01
-1.128982488534893491e+01
-1.223273217459518492e+01
-1.317580869323137449e+01
-1.411890637387023162e+01
-1.506187732831313042e+01
-1.600457387240294338e+01
-1.694684855031846382e+01
-1.788855415919897496e+01
-1.882954377376063348e+01
-1.976967077046992927e+01
-2.070878885190813889e+01
-2.164675207121308631e+01
-2.258341485595428821e+01
-2.351863203230641375e+01
-2.445225884924639104e+01
-2.538415100206657371e+01
-2.631416465643906122e+01
-2.724215647215169156e+01
-2.816798362640383857e+01
-2.909150383748601598e+01
-3.001257538828031102e+01
-3.093105714921330218e+01
-3.184680860151274828e+01
-3.275968986043790210e+01
-3.366956169773311558e+01
-3.457628556467898306e+01
-3.547972361477786762e+01
-3.637973872582551849e+01
-3.727619452262752020e+01
-3.816895539920915326e+01
-3.905788654043772112e+01
-3.994285394432426983e+01
-4.082372444367229036e+01
-4.170036572743720171e+01
-4.257264636234140198e+01
-4.344043581412006461e+01
-4.387319148430439952e+01
