0.000000000000000000e+00
1.499999999999999944e-02
2.999999999999999889e-02
4.499999999999999833e-02
6.000000000000000472e-02
7.499999999999998335e-02
8.999999999999999667e-02
1.049999999999999822e-01
1.199999999999999956e-01
1.350000000000000089e-01
1.499999999999999667e-01
1.649999999999999800e-01
1.799999999999999933e-01
1.950000000000000067e-01
2.099999999999999645e-01
2.249999999999999778e-01
2.399999999999999911e-01
2.550000000000000044e-01
2.699999999999999623e-01
2.849999999999999756e-01
2.999999999999999889e-01
3.150000000000000022e-01
3.299999999999999600e-01
3.449999999999999734e-01
3.599999999999999867e-01
3.750000000000000000e-01
3.899999999999999578e-01
4.049999999999999711e-01
4.199999999999999845e-01
4.349999999999999978e-01
4.499999999999999556e-01
4.649999999999999689e-01
4.799999999999999822e-01
4.949999999999999400e-01
5.100000000000001199e-01
5.250000000000000222e-01
5.400000000000000355e-01
5.550000000000000488e-01
5.699999999999999512e-01
5.850000000000000755e-01
5.999999999999999778e-01
6.150000000000001021e-01
6.300000000000000044e-01
6.450000000000000178e-01
6.600000000000000311e-01
6.749999999999999334e-01
6.900000000000000577e-01
7.049999999999999600e-01
7.200000000000000844e-01
7.349999999999999867e-01
7.500000000000001110e-01
7.650000000000000133e-01
7.800000000000000266e-01
7.950000000000000400e-01
8.099999999999999423e-01
8.250000000000000666e-01
8.399999999999999689e-01
8.550000000000000933e-01
8.699999999999999956e-01
8.850000000000000089e-01
9.000000000000000222e-01
9.149999999999999245e-01
9.300000000000000488e-01
9.449999999999999512e-01
9.600000000000000755e-01
9.749999999999999778e-01
9.899999999999999911e-01
1.004999999999999893e+00
1.019999999999999796e+00
1.034999999999999920e+00
1.050000000000000044e+00
1.064999999999999947e+00
1.079999999999999849e+00
1.094999999999999973e+00
1.109999999999999876e+00
1.124999999999999778e+00
1.139999999999999902e+00
1.155000000000000027e+00
1.169999999999999929e+00
1.184999999999999831e+00
1.199999999999999956e+00
1.214999999999999858e+00
1.229999999999999760e+00
1.244999999999999885e+00
1.260000000000000009e+00
1.274999999999999911e+00
1.289999999999999813e+00
1.304999999999999938e+00
1.319999999999999840e+00
1.334999999999999742e+00
1.349999999999999867e+00
1.364999999999999991e+00
1.379999999999999893e+00
1.394999999999999796e+00
1.409999999999999920e+00
1.425000000000000044e+00
1.439999999999999725e+00
1.454999999999999849e+00
1.469999999999999973e+00
1.484999999999999876e+00
1.499999999999999778e+00
1.514999999999999902e+00
1.530000000000000027e+00
1.544999999999999929e+00
1.559999999999999831e+00
1.574999999999999956e+00
1.589999999999999858e+00
1.604999999999999760e+00
1.619999999999999885e+00
1.635000000000000009e+00
1.649999999999999911e+00
1.664999999999999813e+00
1.679999999999999938e+00
1.694999999999999840e+00
1.709999999999999742e+00
1.724999999999999867e+00
1.739999999999999991e+00
1.754999999999999893e+00
1.769999999999999796e+00
1.784999999999999920e+00
1.799999999999999822e+00
1.814999999999999725e+00
1.829999999999999849e+00
1.844999999999999973e+00
1.859999999999999876e+00
1.874999999999999778e+00
1.889999999999999902e+00
1.905000000000000027e+00
1.919999999999999707e+00
1.934999999999999831e+00
1.949999999999999956e+00
1.964999999999999858e+00
1.979999999999999760e+00
1.994999999999999885e+00
2.010000000000000231e+00
2.024999999999999911e+00
2.040000000000000036e+00
2.055000000000000160e+00
2.069999999999999840e+00
2.085000000000000409e+00
2.100000000000000089e+00
2.114999999999999769e+00
2.130000000000000338e+00
2.145000000000000018e+00
2.160000000000000142e+00
2.175000000000000266e+00
2.189999999999999947e+00
2.205000000000000071e+00
2.220000000000000195e+00
2.234999999999999876e+00
2.250000000000000444e+00
2.265000000000000124e+00
2.279999999999999805e+00
2.295000000000000373e+00
2.310000000000000053e+00
2.324999999999999734e+00
2.340000000000000302e+00
2.354999999999999982e+00
2.370000000000000107e+00
2.385000000000000231e+00
2.399999999999999911e+00
2.415000000000000036e+00
2.430000000000000160e+00
2.444999999999999840e+00
2.460000000000000409e+00
2.475000000000000089e+00
2.489999999999999769e+00
2.505000000000000338e+00
2.520000000000000018e+00
2.534999999999999698e+00
2.550000000000000266e+00
2.564999999999999947e+00
2.580000000000000071e+00
2.595000000000000195e+00
2.609999999999999876e+00
2.625000000000000000e+00
2.640000000000000124e+00
2.654999999999999805e+00
2.670000000000000373e+00
2.685000000000000053e+00
2.699999999999999734e+00
2.715000000000000302e+00
2.729999999999999982e+00
2.745000000000000107e+00
2.760000000000000231e+00
2.774999999999999911e+00
2.790000000000000036e+00
2.805000000000000160e+00
2.819999999999999840e+00
2.835000000000000409e+00
2.850000000000000089e+00
2.864999999999999769e+00
2.880000000000000338e+00
2.895000000000000018e+00
2.909999999999999698e+00
2.925000000000000266e+00
2.939999999999999947e+00
2.955000000000000071e+00
2.970000000000000195e+00
2.984999999999999876e+00
3.000000000000000000e+00
3.015000000000000124e+00
3.029999999999999805e+00
3.045000000000000373e+00
3.060000000000000053e+00
3.074999999999999734e+00
3.090000000000000302e+00
3.104999999999999982e+00
3.120000000000000107e+00
3.135000000000000231e+00
3.149999999999999911e+00
3.165000000000000036e+00
3.180000000000000160e+00
3.194999999999999840e+00
3.210000000000000409e+00
3.225000000000000089e+00
3.239999999999999769e+00
3.255000000000000338e+00
3.270000000000000018e+00
3.284999999999999698e+00
3.300000000000000266e+00
3.314999999999999947e+00
3.330000000000000071e+00
3.345000000000000195e+00
3.359999999999999876e+00
3.375000000000000000e+00
3.390000000000000124e+00
3.404999999999999805e+00
3.420000000000000373e+00
3.435000000000000053e+00
3.449999999999999734e+00
3.465000000000000302e+00
3.479999999999999982e+00
3.494999999999999662e+00
3.510000000000000231e+00
3.524999999999999911e+00
3.540000000000000036e+00
3.555000000000000160e+00
3.569999999999999840e+00
3.584999999999999964e+00
3.600000000000000089e+00
3.614999999999999769e+00
3.630000000000000338e+00
3.645000000000000018e+00
3.659999999999999698e+00
3.675000000000000266e+00
3.689999999999999947e+00
3.705000000000000071e+00
3.720000000000000195e+00
3.734999999999999876e+00
3.750000000000000000e+00
3.765000000000000124e+00
3.779999999999999805e+00
3.795000000000000373e+00
3.810000000000000053e+00
3.824999999999999734e+00
3.840000000000000302e+00
3.854999999999999982e+00
3.869999999999999662e+00
3.885000000000000231e+00
3.899999999999999911e+00
3.915000000000000036e+00
3.930000000000000160e+00
3.944999999999999840e+00
3.959999999999999964e+00
3.975000000000000089e+00
3.989999999999999769e+00
4.004999999999999005e+00
4.019999999999999574e+00
4.035000000000000142e+00
4.049999999999998934e+00
4.064999999999999503e+00
4.080000000000000071e+00
4.094999999999998863e+00
4.109999999999999432e+00
4.125000000000000000e+00
4.139999999999999680e+00
4.154999999999999361e+00
4.169999999999999929e+00
4.184999999999999609e+00
4.199999999999999289e+00
4.214999999999999858e+00
4.229999999999999538e+00
4.244999999999999218e+00
4.259999999999999787e+00
4.274999999999999467e+00
4.289999999999999147e+00
4.304999999999999716e+00
4.320000000000000284e+00
4.334999999999999076e+00
4.349999999999999645e+00
4.365000000000000213e+00
4.379999999999999005e+00
4.394999999999999574e+00
4.410000000000000142e+00
4.424999999999998934e+00
4.439999999999999503e+00
4.455000000000000071e+00
4.469999999999998863e+00
4.484999999999999432e+00
4.500000000000000000e+00
4.514999999999999680e+00
4.529999999999999361e+00
4.544999999999999929e+00
4.559999999999999609e+00
4.574999999999999289e+00
4.589999999999999858e+00
4.604999999999999538e+00
4.619999999999999218e+00
4.634999999999999787e+00
4.649999999999999467e+00
4.664999999999999147e+00
4.679999999999999716e+00
4.694999999999999396e+00
4.709999999999999076e+00
4.724999999999999645e+00
4.740000000000000213e+00
4.754999999999999005e+00
4.769999999999999574e+00
4.785000000000000142e+00
4.799999999999998934e+00
4.814999999999999503e+00
4.830000000000000071e+00
4.844999999999998863e+00
4.859999999999999432e+00
4.875000000000000000e+00
4.889999999999999680e+00
4.904999999999999361e+00
4.919999999999999929e+00
4.934999999999999609e+00
4.949999999999999289e+00
4.964999999999999858e+00
4.979999999999999538e+00
4.994999999999999218e+00
5.009999999999999787e+00
5.024999999999999467e+00
5.039999999999999147e+00
5.054999999999999716e+00
5.069999999999999396e+00
5.084999999999999076e+00
5.099999999999999645e+00
5.115000000000000213e+00
5.129999999999999005e+00
5.144999999999999574e+00
5.160000000000000142e+00
5.174999999999998934e+00
5.189999999999999503e+00
5.205000000000000071e+00
5.219999999999998863e+00
5.234999999999999432e+00
5.250000000000000000e+00
5.264999999999998792e+00
5.279999999999999361e+00
5.294999999999999929e+00
5.309999999999999609e+00
5.324999999999999289e+00
5.339999999999999858e+00
5.354999999999999538e+00
5.369999999999999218e+00
5.384999999999999787e+00
5.399999999999999467e+00
5.414999999999999147e+00
5.429999999999999716e+00
5.444999999999999396e+00
5.459999999999999076e+00
5.474999999999999645e+00
5.490000000000000213e+00
5.504999999999999005e+00
5.519999999999999574e+00
5.535000000000000142e+00
5.549999999999998934e+00
5.564999999999999503e+00
5.580000000000000071e+00
5.594999999999998863e+00
5.609999999999999432e+00
5.625000000000000000e+00
5.639999999999998792e+00
5.654999999999999361e+00
5.669999999999999929e+00
5.684999999999999609e+00
5.699999999999999289e+00
5.714999999999999858e+00
5.729999999999999538e+00
5.744999999999999218e+00
5.759999999999999787e+00
5.774999999999999467e+00
5.789999999999999147e+00
5.804999999999999716e+00
5.819999999999999396e+00
5.834999999999999076e+00
5.849999999999999645e+00
5.865000000000000213e+00
5.879999999999999005e+00
5.894999999999999574e+00
5.910000000000000142e+00
5.924999999999998934e+00
5.939999999999999503e+00
5.955000000000000071e+00
5.969999999999998863e+00
5.984999999999999432e+00
6.000000000000000000e+00
6.014999999999998792e+00
6.029999999999999361e+00
6.044999999999999929e+00
6.059999999999999609e+00
6.074999999999999289e+00
6.089999999999999858e+00
6.104999999999999538e+00
6.119999999999999218e+00
6.134999999999999787e+00
6.149999999999999467e+00
6.164999999999999147e+00
6.179999999999999716e+00
6.194999999999999396e+00
6.209999999999999076e+00
6.224999999999999645e+00
6.240000000000000213e+00
6.254999999999999005e+00
6.269999999999999574e+00
6.285000000000000142e+00
6.299999999999998934e+00
6.314999999999999503e+00
6.330000000000000071e+00
6.344999999999998863e+00
6.359999999999999432e+00
6.375000000000000000e+00
6.389999999999998792e+00
6.404999999999999361e+00
6.419999999999999929e+00
6.434999999999999609e+00
6.449999999999999289e+00
6.464999999999999858e+00
6.479999999999999538e+00
6.494999999999999218e+00
6.509999999999999787e+00
6.524999999999999467e+00
6.539999999999999147e+00
6.554999999999999716e+00
6.569999999999999396e+00
6.584999999999999076e+00
6.599999999999999645e+00
6.614999999999999325e+00
6.629999999999999005e+00
6.644999999999999574e+00
6.660000000000000142e+00
6.674999999999998934e+00
6.689999999999999503e+00
6.705000000000000071e+00
6.719999999999998863e+00
6.734999999999999432e+00
6.750000000000000000e+00
6.764999999999998792e+00
6.779999999999999361e+00
6.794999999999999929e+00
6.809999999999999609e+00
6.824999999999999289e+00
6.839999999999999858e+00
6.854999999999999538e+00
6.869999999999999218e+00
6.884999999999999787e+00
6.899999999999999467e+00
6.914999999999999147e+00
6.929999999999999716e+00
6.944999999999999396e+00
6.959999999999999076e+00
6.974999999999999645e+00
6.989999999999999325e+00
7.004999999999999005e+00
7.019999999999999574e+00
7.035000000000000142e+00
7.049999999999998934e+00
7.064999999999999503e+00
7.080000000000000071e+00
7.094999999999998863e+00
7.109999999999999432e+00
7.125000000000000000e+00
7.139999999999998792e+00
7.154999999999999361e+00
7.169999999999999929e+00
7.184999999999998721e+00
7.199999999999999289e+00
7.214999999999999858e+00
7.229999999999999538e+00
7.244999999999999218e+00
7.259999999999999787e+00
7.274999999999999467e+00
7.289999999999999147e+00
7.304999999999999716e+00
7.319999999999999396e+00
7.334999999999999076e+00
7.349999999999999645e+00
7.364999999999999325e+00
7.379999999999999005e+00
7.394999999999999574e+00
7.410000000000000142e+00
7.424999999999998934e+00
7.439999999999999503e+00
7.455000000000000071e+00
7.469999999999998863e+00
7.484999999999999432e+00
7.500000000000000000e+00
7.514999999999998792e+00
7.529999999999999361e+00
7.544999999999999929e+00
7.559999999999998721e+00
7.574999999999999289e+00
7.589999999999999858e+00
7.604999999999999538e+00
7.619999999999999218e+00
7.634999999999999787e+00
7.649999999999999467e+00
7.664999999999999147e+00
7.679999999999999716e+00
7.694999999999999396e+00
7.709999999999999076e+00
7.724999999999999645e+00
7.739999999999999325e+00
7.754999999999999005e+00
7.769999999999999574e+00
7.785000000000000142e+00
7.799999999999998934e+00
7.814999999999999503e+00
7.830000000000000071e+00
7.844999999999998863e+00
7.859999999999999432e+00
7.875000000000000000e+00
7.889999999999998792e+00
7.904999999999999361e+00
7.919999999999999929e+00
7.934999999999998721e+00
7.949999999999999289e+00
7.964999999999999858e+00
7.979999999999999538e+00
7.994999999999999218e+00
8.009999999999999787e+00
8.024999999999998579e+00
8.039999999999999147e+00
8.054999999999999716e+00
8.070000000000000284e+00
8.084999999999999076e+00
8.099999999999999645e+00
8.114999999999998437e+00
8.129999999999999005e+00
8.144999999999999574e+00
8.160000000000000142e+00
8.174999999999998934e+00
8.189999999999999503e+00
8.204999999999998295e+00
8.219999999999998863e+00
8.234999999999999432e+00
8.250000000000000000e+00
8.265000000000000568e+00
8.279999999999999361e+00
8.294999999999999929e+00
8.309999999999998721e+00
8.324999999999999289e+00
8.339999999999999858e+00
8.355000000000000426e+00
8.369999999999999218e+00
8.384999999999999787e+00
8.399999999999998579e+00
8.414999999999999147e+00
8.429999999999999716e+00
8.445000000000000284e+00
8.459999999999999076e+00
8.474999999999999645e+00
8.489999999999998437e+00
8.504999999999999005e+00
8.519999999999999574e+00
8.535000000000000142e+00
8.549999999999998934e+00
8.564999999999999503e+00
8.579999999999998295e+00
8.594999999999998863e+00
8.609999999999999432e+00
8.625000000000000000e+00
8.640000000000000568e+00
8.654999999999999361e+00
8.669999999999999929e+00
8.684999999999998721e+00
8.699999999999999289e+00
8.714999999999999858e+00
8.730000000000000426e+00
8.744999999999999218e+00
8.759999999999999787e+00
8.774999999999998579e+00
8.789999999999999147e+00
8.804999999999999716e+00
8.820000000000000284e+00
8.834999999999999076e+00
8.849999999999999645e+00
8.864999999999998437e+00
8.879999999999999005e+00
8.894999999999999574e+00
8.910000000000000142e+00
8.924999999999998934e+00
8.939999999999999503e+00
8.954999999999998295e+00
8.969999999999998863e+00
8.984999999999999432e+00
9.000000000000000000e+00
9.014999999999998792e+00
9.029999999999999361e+00
9.044999999999999929e+00
9.059999999999998721e+00
9.074999999999999289e+00
9.089999999999999858e+00
9.105000000000000426e+00
9.119999999999999218e+00
9.134999999999999787e+00
9.149999999999998579e+00
9.164999999999999147e+00
9.179999999999999716e+00
9.195000000000000284e+00
9.209999999999999076e+00
9.224999999999999645e+00
9.239999999999998437e+00
9.254999999999999005e+00
9.269999999999999574e+00
9.285000000000000142e+00
9.299999999999998934e+00
9.314999999999999503e+00
9.329999999999998295e+00
9.344999999999998863e+00
9.359999999999999432e+00
9.375000000000000000e+00
9.389999999999998792e+00
9.404999999999999361e+00
9.419999999999999929e+00
9.434999999999998721e+00
9.449999999999999289e+00
9.464999999999999858e+00
9.480000000000000426e+00
9.494999999999999218e+00
9.509999999999999787e+00
9.524999999999998579e+00
9.539999999999999147e+00
9.554999999999999716e+00
9.570000000000000284e+00
9.584999999999999076e+00
9.599999999999999645e+00
9.614999999999998437e+00
9.629999999999999005e+00
9.644999999999999574e+00
9.660000000000000142e+00
9.674999999999998934e+00
9.689999999999999503e+00
9.704999999999998295e+00
9.719999999999998863e+00
9.734999999999999432e+00
9.750000000000000000e+00
9.764999999999998792e+00
9.779999999999999361e+00
9.794999999999999929e+00
9.809999999999998721e+00
9.824999999999999289e+00
9.839999999999999858e+00
9.855000000000000426e+00
9.869999999999999218e+00
9.884999999999999787e+00
9.899999999999998579e+00
9.914999999999999147e+00
9.929999999999999716e+00
9.945000000000000284e+00
9.959999999999999076e+00
9.974999999999999645e+00
9.989999999999998437e+00
1.000499999999999901e+01
1.001999999999999957e+01
1.003500000000000014e+01
1.004999999999999893e+01
1.006499999999999950e+01
1.007999999999999829e+01
1.009499999999999886e+01
1.010999999999999943e+01
1.012500000000000000e+01
1.013999999999999879e+01
1.015499999999999936e+01
1.016999999999999993e+01
1.018499999999999872e+01
1.019999999999999929e+01
1.021499999999999986e+01
1.023000000000000043e+01
1.024499999999999922e+01
1.025999999999999979e+01
1.027499999999999858e+01
1.028999999999999915e+01
1.030499999999999972e+01
1.032000000000000028e+01
1.033499999999999908e+01
1.034999999999999964e+01
1.036499999999999844e+01
1.037999999999999901e+01
1.039499999999999957e+01
1.041000000000000014e+01
1.042499999999999893e+01
1.043999999999999950e+01
1.045499999999999829e+01
1.046999999999999886e+01
1.048499999999999943e+01
1.050000000000000000e+01
1.051499999999999879e+01
1.052999999999999936e+01
1.054499999999999815e+01
1.055999999999999872e+01
1.057499999999999929e+01
1.058999999999999986e+01
1.060500000000000043e+01
1.061999999999999922e+01
1.063499999999999979e+01
1.064999999999999858e+01
1.066499999999999915e+01
1.067999999999999972e+01
1.069500000000000028e+01
1.070999999999999908e+01
1.072499999999999964e+01
1.073999999999999844e+01
1.075499999999999901e+01
1.076999999999999957e+01
1.078500000000000014e+01
1.079999999999999893e+01
1.081499999999999950e+01
1.082999999999999829e+01
1.084499999999999886e+01
1.085999999999999943e+01
1.087500000000000000e+01
1.088999999999999879e+01
1.090499999999999936e+01
1.091999999999999815e+01
1.093499999999999872e+01
1.094999999999999929e+01
1.096499999999999986e+01
1.098000000000000043e+01
1.099499999999999922e+01
1.100999999999999979e+01
1.102499999999999858e+01
1.103999999999999915e+01
1.105499999999999972e+01
1.107000000000000028e+01
1.108499999999999908e+01
1.109999999999999964e+01
1.111499999999999844e+01
1.112999999999999901e+01
1.114499999999999957e+01
1.116000000000000014e+01
1.117499999999999893e+01
1.118999999999999950e+01
1.120499999999999829e+01
1.121999999999999886e+01
1.123499999999999943e+01
1.125000000000000000e+01
1.126499999999999879e+01
1.127999999999999936e+01
1.129499999999999815e+01
1.130999999999999872e+01
1.132499999999999929e+01
1.133999999999999986e+01
1.135500000000000043e+01
1.136999999999999922e+01
1.138499999999999979e+01
1.139999999999999858e+01
1.141499999999999915e+01
1.142999999999999972e+01
1.144500000000000028e+01
1.145999999999999908e+01
1.147499999999999964e+01
1.148999999999999844e+01
1.150499999999999901e+01
1.151999999999999957e+01
1.153500000000000014e+01
1.154999999999999893e+01
1.156499999999999950e+01
1.157999999999999829e+01
1.159499999999999886e+01
1.160999999999999943e+01
1.162500000000000000e+01
1.163999999999999879e+01
1.165499999999999936e+01
1.166999999999999815e+01
1.168499999999999872e+01
1.169999999999999929e+01
1.171499999999999986e+01
1.173000000000000043e+01
1.174499999999999922e+01
1.175999999999999979e+01
1.177499999999999858e+01
1.178999999999999915e+01
1.180499999999999972e+01
1.182000000000000028e+01
1.183499999999999908e+01
1.184999999999999964e+01
1.186499999999999844e+01
1.187999999999999901e+01
1.189499999999999957e+01
1.191000000000000014e+01
1.192499999999999893e+01
1.193999999999999950e+01
1.195499999999999829e+01
1.196999999999999886e+01
1.198499999999999943e+01
1.200000000000000000e+01
1.201499999999999879e+01
1.202999999999999936e+01
1.204499999999999815e+01
1.205999999999999872e+01
1.207499999999999929e+01
1.208999999999999986e+01
1.210500000000000043e+01
1.211999999999999922e+01
1.213499999999999979e+01
1.214999999999999858e+01
1.216499999999999915e+01
1.217999999999999972e+01
1.219500000000000028e+01
1.220999999999999908e+01
1.222499999999999964e+01
1.223999999999999844e+01
1.225499999999999901e+01
1.226999999999999957e+01
1.228500000000000014e+01
1.229999999999999893e+01
1.231499999999999950e+01
1.232999999999999829e+01
1.234499999999999886e+01
1.235999999999999943e+01
1.237500000000000000e+01
1.238999999999999879e+01
1.240499999999999936e+01
1.241999999999999815e+01
1.243499999999999872e+01
1.244999999999999929e+01
1.246499999999999986e+01
1.248000000000000043e+01
1.249499999999999922e+01
1.250999999999999979e+01
1.252499999999999858e+01
1.253999999999999915e+01
1.255499999999999972e+01
1.257000000000000028e+01
1.258499999999999908e+01
1.259999999999999964e+01
1.261499999999999844e+01
1.262999999999999901e+01
1.264499999999999957e+01
1.266000000000000014e+01
1.267499999999999893e+01
1.268999999999999950e+01
1.270499999999999829e+01
1.271999999999999886e+01
1.273499999999999943e+01
1.275000000000000000e+01
1.276499999999999879e+01
1.277999999999999936e+01
1.279499999999999815e+01
1.280999999999999872e+01
1.282499999999999929e+01
1.283999999999999986e+01
1.285499999999999865e+01
1.286999999999999922e+01
1.288499999999999979e+01
1.289999999999999858e+01
1.291499999999999915e+01
1.292999999999999972e+01
1.294500000000000028e+01
1.295999999999999908e+01
1.297499999999999964e+01
1.298999999999999844e+01
1.300499999999999901e+01
1.301999999999999957e+01
1.303500000000000014e+01
1.304999999999999893e+01
1.306499999999999950e+01
1.307999999999999829e+01
1.309499999999999886e+01
1.310999999999999943e+01
1.312500000000000000e+01
1.313999999999999879e+01
1.315499999999999936e+01
1.316999999999999815e+01
1.318499999999999872e+01
1.319999999999999929e+01
1.321499999999999986e+01
1.322999999999999865e+01
1.324499999999999922e+01
1.325999999999999979e+01
1.327499999999999858e+01
1.328999999999999915e+01
1.330499999999999972e+01
1.332000000000000028e+01
1.333499999999999908e+01
1.334999999999999964e+01
1.336499999999999844e+01
1.337999999999999901e+01
1.339499999999999957e+01
1.341000000000000014e+01
1.342499999999999893e+01
1.343999999999999950e+01
1.345499999999999829e+01
1.346999999999999886e+01
1.348499999999999943e+01
1.350000000000000000e+01
1.351499999999999879e+01
1.352999999999999936e+01
1.354499999999999815e+01
1.355999999999999872e+01
1.357499999999999929e+01
1.358999999999999986e+01
1.360499999999999865e+01
1.361999999999999922e+01
1.363499999999999979e+01
1.364999999999999858e+01
1.366499999999999915e+01
1.367999999999999972e+01
1.369500000000000028e+01
1.370999999999999908e+01
1.372499999999999964e+01
1.373999999999999844e+01
1.375499999999999901e+01
1.376999999999999957e+01
1.378500000000000014e+01
1.379999999999999893e+01
1.381499999999999950e+01
1.382999999999999829e+01
1.384499999999999886e+01
1.385999999999999943e+01
1.387500000000000000e+01
1.388999999999999879e+01
1.390499999999999936e+01
1.391999999999999815e+01
1.393499999999999872e+01
1.394999999999999929e+01
1.396499999999999986e+01
1.397999999999999865e+01
1.399499999999999922e+01
1.400999999999999979e+01
1.402499999999999858e+01
1.403999999999999915e+01
1.405499999999999972e+01
1.407000000000000028e+01
1.408499999999999908e+01
1.409999999999999964e+01
1.411499999999999844e+01
1.412999999999999901e+01
1.414499999999999957e+01
1.416000000000000014e+01
1.417499999999999893e+01
1.418999999999999950e+01
1.420499999999999829e+01
1.421999999999999886e+01
1.423499999999999943e+01
1.425000000000000000e+01
1.426499999999999879e+01
1.427999999999999936e+01
1.429499999999999815e+01
1.430999999999999872e+01
1.432499999999999929e+01
1.433999999999999986e+01
1.435499999999999865e+01
1.436999999999999922e+01
1.438499999999999801e+01
1.439999999999999858e+01
1.441499999999999915e+01
1.442999999999999972e+01
1.444500000000000028e+01
1.445999999999999908e+01
1.447499999999999964e+01
1.448999999999999844e+01
1.450499999999999901e+01
1.451999999999999957e+01
1.453500000000000014e+01
1.454999999999999893e+01
1.456499999999999950e+01
1.457999999999999829e+01
1.459499999999999886e+01
1.460999999999999943e+01
1.462500000000000000e+01
1.463999999999999879e+01
1.465499999999999936e+01
1.466999999999999815e+01
1.468499999999999872e+01
1.469999999999999929e+01
1.471499999999999986e+01
1.472999999999999865e+01
1.474499999999999922e+01
1.475999999999999801e+01
1.477499999999999858e+01
1.478999999999999915e+01
1.480499999999999972e+01
1.482000000000000028e+01
1.483499999999999908e+01
1.484999999999999964e+01
1.486499999999999844e+01
1.487999999999999901e+01
1.489499999999999957e+01
1.491000000000000014e+01
1.492499999999999893e+01
1.493999999999999950e+01
1.495499999999999829e+01
1.496999999999999886e+01
1.498499999999999943e+01
1.500000000000000000e+01
1.501499999999999879e+01
1.502999999999999936e+01
1.504499999999999815e+01
1.505999999999999872e+01
1.507499999999999929e+01
1.508999999999999986e+01
1.510499999999999865e+01
1.511999999999999922e+01
1.513499999999999801e+01
1.514999999999999858e+01
1.516499999999999915e+01
1.517999999999999972e+01
1.519500000000000028e+01
1.520999999999999908e+01
1.522499999999999964e+01
1.523999999999999844e+01
1.525499999999999901e+01
1.526999999999999957e+01
1.528500000000000014e+01
1.529999999999999893e+01
1.531499999999999950e+01
1.532999999999999829e+01
1.534499999999999886e+01
1.535999999999999943e+01
1.537500000000000000e+01
1.538999999999999879e+01
1.540499999999999936e+01
1.541999999999999815e+01
1.543499999999999872e+01
1.544999999999999929e+01
1.546499999999999986e+01
1.547999999999999865e+01
1.549499999999999922e+01
1.550999999999999801e+01
1.552499999999999858e+01
1.553999999999999915e+01
1.555499999999999972e+01
1.557000000000000028e+01
1.558499999999999908e+01
1.559999999999999964e+01
1.561499999999999844e+01
1.562999999999999901e+01
1.564499999999999957e+01
1.566000000000000014e+01
1.567499999999999893e+01
1.568999999999999950e+01
1.570499999999999829e+01
1.571999999999999886e+01
1.573499999999999943e+01
1.575000000000000000e+01
1.576499999999999879e+01
1.577999999999999936e+01
1.579499999999999815e+01
1.580999999999999872e+01
1.582499999999999929e+01
1.583999999999999986e+01
1.585499999999999865e+01
1.586999999999999922e+01
1.588499999999999801e+01
1.589999999999999858e+01
1.591499999999999915e+01
1.592999999999999972e+01
1.594500000000000028e+01
1.595999999999999908e+01
1.597499999999999964e+01
1.598999999999999844e+01
1.600499999999999901e+01
1.601999999999999957e+01
1.603500000000000014e+01
1.604999999999999716e+01
1.606499999999999773e+01
1.607999999999999829e+01
1.609499999999999886e+01
1.610999999999999943e+01
1.612500000000000000e+01
1.614000000000000057e+01
1.615500000000000114e+01
1.616999999999999815e+01
1.618499999999999872e+01
1.619999999999999929e+01
1.621499999999999986e+01
1.623000000000000043e+01
1.624499999999999744e+01
1.625999999999999801e+01
1.627499999999999858e+01
1.628999999999999915e+01
1.630499999999999972e+01
1.632000000000000028e+01
1.633500000000000085e+01
1.634999999999999787e+01
1.636499999999999844e+01
1.637999999999999901e+01
1.639499999999999957e+01
1.641000000000000014e+01
1.642499999999999716e+01
1.643999999999999773e+01
1.645499999999999829e+01
1.646999999999999886e+01
1.648499999999999943e+01
1.650000000000000000e+01
1.651500000000000057e+01
1.653000000000000114e+01
1.654499999999999815e+01
1.655999999999999872e+01
1.657499999999999929e+01
1.658999999999999986e+01
1.660500000000000043e+01
1.661999999999999744e+01
1.663499999999999801e+01
1.664999999999999858e+01
1.666499999999999915e+01
1.667999999999999972e+01
1.669500000000000028e+01
1.671000000000000085e+01
1.672499999999999787e+01
1.673999999999999844e+01
1.675499999999999901e+01
1.676999999999999957e+01
1.678500000000000014e+01
1.679999999999999716e+01
1.681499999999999773e+01
1.682999999999999829e+01
1.684499999999999886e+01
1.685999999999999943e+01
1.687500000000000000e+01
1.689000000000000057e+01
1.690500000000000114e+01
1.691999999999999815e+01
1.693499999999999872e+01
1.694999999999999929e+01
1.696499999999999986e+01
1.698000000000000043e+01
1.699499999999999744e+01
1.700999999999999801e+01
1.702499999999999858e+01
1.703999999999999915e+01
1.705499999999999972e+01
1.707000000000000028e+01
1.708500000000000085e+01
1.709999999999999787e+01
1.711499999999999844e+01
1.712999999999999901e+01
1.714499999999999957e+01
1.716000000000000014e+01
1.717499999999999716e+01
1.718999999999999773e+01
1.720499999999999829e+01
1.721999999999999886e+01
1.723499999999999943e+01
1.725000000000000000e+01
1.726500000000000057e+01
1.728000000000000114e+01
1.729499999999999815e+01
1.730999999999999872e+01
1.732499999999999929e+01
1.733999999999999986e+01
1.735500000000000043e+01
1.736999999999999744e+01
1.738499999999999801e+01
1.739999999999999858e+01
1.741499999999999915e+01
1.742999999999999972e+01
1.744500000000000028e+01
1.746000000000000085e+01
1.747499999999999787e+01
1.748999999999999844e+01
1.750499999999999901e+01
1.751999999999999957e+01
1.753500000000000014e+01
1.754999999999999716e+01
1.756499999999999773e+01
1.757999999999999829e+01
1.759499999999999886e+01
1.760999999999999943e+01
1.762500000000000000e+01
1.764000000000000057e+01
1.765499999999999758e+01
1.766999999999999815e+01
1.768499999999999872e+01
1.769999999999999929e+01
1.771499999999999986e+01
1.773000000000000043e+01
1.774499999999999744e+01
1.775999999999999801e+01
1.777499999999999858e+01
1.778999999999999915e+01
1.780499999999999972e+01
1.782000000000000028e+01
1.783500000000000085e+01
1.784999999999999787e+01
1.786499999999999844e+01
1.787999999999999901e+01
1.789499999999999957e+01
1.791000000000000014e+01
1.792499999999999716e+01
1.793999999999999773e+01
1.795499999999999829e+01
1.796999999999999886e+01
1.798499999999999943e+01
1.800000000000000000e+01
1.801500000000000057e+01
1.802999999999999758e+01
1.804499999999999815e+01
1.805999999999999872e+01
1.807499999999999929e+01
1.808999999999999986e+01
1.810500000000000043e+01
1.811999999999999744e+01
1.813499999999999801e+01
1.814999999999999858e+01
1.816499999999999915e+01
1.817999999999999972e+01
1.819500000000000028e+01
1.821000000000000085e+01
1.822499999999999787e+01
1.823999999999999844e+01
1.825499999999999901e+01
1.826999999999999957e+01
1.828500000000000014e+01
1.829999999999999716e+01
1.831499999999999773e+01
1.832999999999999829e+01
1.834499999999999886e+01
1.835999999999999943e+01
1.837500000000000000e+01
1.839000000000000057e+01
1.840499999999999758e+01
1.841999999999999815e+01
1.843499999999999872e+01
1.844999999999999929e+01
1.846499999999999986e+01
1.848000000000000043e+01
1.849499999999999744e+01
1.850999999999999801e+01
1.852499999999999858e+01
1.853999999999999915e+01
1.855499999999999972e+01
1.857000000000000028e+01
1.858500000000000085e+01
1.859999999999999787e+01
1.861499999999999844e+01
1.862999999999999901e+01
1.864499999999999957e+01
1.866000000000000014e+01
1.867499999999999716e+01
1.868999999999999773e+01
1.870499999999999829e+01
1.871999999999999886e+01
1.873499999999999943e+01
1.875000000000000000e+01
1.876500000000000057e+01
1.877999999999999758e+01
1.879499999999999815e+01
1.880999999999999872e+01
1.882499999999999929e+01
1.883999999999999986e+01
1.885500000000000043e+01
1.886999999999999744e+01
1.888499999999999801e+01
1.889999999999999858e+01
1.891499999999999915e+01
1.892999999999999972e+01
1.894500000000000028e+01
1.896000000000000085e+01
1.897499999999999787e+01
1.898999999999999844e+01
1.900499999999999901e+01
1.901999999999999957e+01
1.903500000000000014e+01
1.904999999999999716e+01
1.906499999999999773e+01
1.907999999999999829e+01
1.909499999999999886e+01
1.910999999999999943e+01
1.912500000000000000e+01
1.914000000000000057e+01
1.915499999999999758e+01
1.916999999999999815e+01
1.918499999999999872e+01
1.919999999999999929e+01
1.921499999999999986e+01
1.923000000000000043e+01
1.924499999999999744e+01
1.925999999999999801e+01
1.927499999999999858e+01
1.928999999999999915e+01
1.930499999999999972e+01
1.932000000000000028e+01
1.933500000000000085e+01
1.934999999999999787e+01
1.936499999999999844e+01
1.937999999999999901e+01
1.939499999999999957e+01
1.941000000000000014e+01
1.942499999999999716e+01
1.943999999999999773e+01
1.945499999999999829e+01
1.946999999999999886e+01
1.948499999999999943e+01
1.950000000000000000e+01
1.951500000000000057e+01
1.952999999999999758e+01
1.954499999999999815e+01
1.955999999999999872e+01
1.957499999999999929e+01
1.958999999999999986e+01
1.960500000000000043e+01
1.961999999999999744e+01
1.963499999999999801e+01
1.964999999999999858e+01
1.966499999999999915e+01
1.967999999999999972e+01
1.969500000000000028e+01
1.971000000000000085e+01
1.972499999999999787e+01
1.973999999999999844e+01
1.975499999999999901e+01
1.976999999999999957e+01
1.978500000000000014e+01
1.979999999999999716e+01
1.981499999999999773e+01
1.982999999999999829e+01
1.984499999999999886e+01
1.985999999999999943e+01
1.987500000000000000e+01
1.989000000000000057e+01
1.990499999999999758e+01
1.991999999999999815e+01
1.993499999999999872e+01
1.994999999999999929e+01
1.996499999999999986e+01
1.998000000000000043e+01
1.999499999999999744e+01
2.000999999999999801e+01
2.002499999999999858e+01
2.003999999999999915e+01
2.005499999999999972e+01
2.007000000000000028e+01
2.008500000000000085e+01
2.009999999999999787e+01
2.011499999999999844e+01
2.012999999999999901e+01
2.014499999999999957e+01
2.016000000000000014e+01
2.017499999999999716e+01
2.018999999999999773e+01
2.020499999999999829e+01
2.021999999999999886e+01
2.023499999999999943e+01
2.025000000000000000e+01
2.026500000000000057e+01
2.027999999999999758e+01
2.029499999999999815e+01
2.030999999999999872e+01
2.032499999999999929e+01
2.033999999999999986e+01
2.035500000000000043e+01
2.036999999999999744e+01
2.038499999999999801e+01
2.039999999999999858e+01
2.041499999999999915e+01
2.042999999999999972e+01
2.044500000000000028e+01
2.046000000000000085e+01
2.047499999999999787e+01
2.048999999999999844e+01
2.050499999999999901e+01
2.051999999999999957e+01
2.053500000000000014e+01
2.054999999999999716e+01
2.056499999999999773e+01
2.057999999999999829e+01
2.059499999999999886e+01
2.060999999999999943e+01
2.062500000000000000e+01
2.064000000000000057e+01
2.065499999999999758e+01
2.066999999999999815e+01
2.068499999999999872e+01
2.069999999999999929e+01
2.071499999999999986e+01
2.073000000000000043e+01
2.074499999999999744e+01
2.075999999999999801e+01
2.077499999999999858e+01
2.078999999999999915e+01
2.080499999999999972e+01
2.082000000000000028e+01
2.083500000000000085e+01
2.084999999999999787e+01
2.086499999999999844e+01
2.087999999999999901e+01
2.089499999999999957e+01
2.091000000000000014e+01
2.092499999999999716e+01
2.093999999999999773e+01
2.095499999999999829e+01
2.096999999999999886e+01
2.098499999999999943e+01
2.100000000000000000e+01
2.101500000000000057e+01
2.102999999999999758e+01
2.104499999999999815e+01
2.105999999999999872e+01
2.107499999999999929e+01
2.108999999999999986e+01
2.110499999999999687e+01
2.111999999999999744e+01
2.113499999999999801e+01
2.114999999999999858e+01
2.116499999999999915e+01
2.117999999999999972e+01
2.119500000000000028e+01
2.121000000000000085e+01
2.122499999999999787e+01
2.123999999999999844e+01
2.125499999999999901e+01
2.126999999999999957e+01
2.128500000000000014e+01
2.129999999999999716e+01
2.131499999999999773e+01
2.132999999999999829e+01
2.134499999999999886e+01
2.135999999999999943e+01
2.137500000000000000e+01
2.139000000000000057e+01
2.140499999999999758e+01
2.141999999999999815e+01
2.143499999999999872e+01
2.144999999999999929e+01
2.146499999999999986e+01
2.147999999999999687e+01
2.149499999999999744e+01
2.150999999999999801e+01
2.152499999999999858e+01
2.153999999999999915e+01
2.155499999999999972e+01
2.157000000000000028e+01
2.158500000000000085e+01
2.159999999999999787e+01
2.161499999999999844e+01
2.162999999999999901e+01
2.164499999999999957e+01
2.166000000000000014e+01
2.167499999999999716e+01
2.168999999999999773e+01
2.170499999999999829e+01
2.171999999999999886e+01
2.173499999999999943e+01
2.175000000000000000e+01
2.176500000000000057e+01
2.177999999999999758e+01
2.179499999999999815e+01
2.180999999999999872e+01
2.182499999999999929e+01
2.183999999999999986e+01
2.185499999999999687e+01
2.186999999999999744e+01
2.188499999999999801e+01
2.189999999999999858e+01
2.191499999999999915e+01
2.192999999999999972e+01
2.194500000000000028e+01
2.196000000000000085e+01
2.197499999999999787e+01
2.198999999999999844e+01
2.200499999999999901e+01
2.201999999999999957e+01
2.203500000000000014e+01
2.204999999999999716e+01
2.206499999999999773e+01
2.207999999999999829e+01
2.209499999999999886e+01
2.210999999999999943e+01
2.212500000000000000e+01
2.214000000000000057e+01
2.215499999999999758e+01
2.216999999999999815e+01
2.218499999999999872e+01
2.219999999999999929e+01
2.221499999999999986e+01
2.222999999999999687e+01
2.224499999999999744e+01
2.225999999999999801e+01
2.227499999999999858e+01
2.228999999999999915e+01
2.230499999999999972e+01
2.232000000000000028e+01
2.233500000000000085e+01
2.234999999999999787e+01
2.236499999999999844e+01
2.237999999999999901e+01
2.239499999999999957e+01
2.241000000000000014e+01
2.242499999999999716e+01
2.243999999999999773e+01
2.245499999999999829e+01
2.246999999999999886e+01
2.248499999999999943e+01
2.250000000000000000e+01
2.251500000000000057e+01
2.252999999999999758e+01
2.254499999999999815e+01
2.255999999999999872e+01
2.257499999999999929e+01
2.258999999999999986e+01
2.260499999999999687e+01
2.261999999999999744e+01
2.263499999999999801e+01
2.264999999999999858e+01
2.266499999999999915e+01
2.267999999999999972e+01
2.269500000000000028e+01
2.271000000000000085e+01
2.272499999999999787e+01
2.273999999999999844e+01
2.275499999999999901e+01
2.276999999999999957e+01
2.278500000000000014e+01
2.279999999999999716e+01
2.281499999999999773e+01
2.282999999999999829e+01
2.284499999999999886e+01
2.285999999999999943e+01
2.287500000000000000e+01
2.289000000000000057e+01
2.290499999999999758e+01
2.291999999999999815e+01
2.293499999999999872e+01
2.294999999999999929e+01
2.296499999999999986e+01
2.297999999999999687e+01
2.299499999999999744e+01
2.300999999999999801e+01
2.302499999999999858e+01
2.303999999999999915e+01
2.305499999999999972e+01
2.307000000000000028e+01
2.308500000000000085e+01
2.309999999999999787e+01
2.311499999999999844e+01
2.312999999999999901e+01
2.314499999999999957e+01
2.316000000000000014e+01
2.317499999999999716e+01
2.318999999999999773e+01
2.320499999999999829e+01
2.321999999999999886e+01
2.323499999999999943e+01
2.325000000000000000e+01
2.326500000000000057e+01
2.327999999999999758e+01
2.329499999999999815e+01
2.330999999999999872e+01
2.332499999999999929e+01
2.333999999999999986e+01
2.335499999999999687e+01
2.336999999999999744e+01
2.338499999999999801e+01
2.339999999999999858e+01
2.341499999999999915e+01
2.342999999999999972e+01
2.344500000000000028e+01
2.346000000000000085e+01
2.347499999999999787e+01
2.348999999999999844e+01
2.350499999999999901e+01
2.351999999999999957e+01
2.353500000000000014e+01
2.354999999999999716e+01
2.356499999999999773e+01
2.357999999999999829e+01
2.359499999999999886e+01
2.360999999999999943e+01
2.362500000000000000e+01
2.364000000000000057e+01
2.365499999999999758e+01
2.366999999999999815e+01
2.368499999999999872e+01
2.369999999999999929e+01
2.371499999999999986e+01
2.372999999999999687e+01
2.374499999999999744e+01
2.375999999999999801e+01
2.377499999999999858e+01
2.378999999999999915e+01
2.380499999999999972e+01
2.382000000000000028e+01
2.383500000000000085e+01
2.384999999999999787e+01
2.386499999999999844e+01
2.387999999999999901e+01
2.389499999999999957e+01
2.391000000000000014e+01
2.392499999999999716e+01
2.393999999999999773e+01
2.395499999999999829e+01
2.396999999999999886e+01
2.398499999999999943e+01
2.400000000000000000e+01
2.401500000000000057e+01
2.402999999999999758e+01
2.404499999999999815e+01
2.405999999999999872e+01
2.407499999999999929e+01
2.408999999999999986e+01
2.410499999999999687e+01
2.411999999999999744e+01
2.413499999999999801e+01
2.414999999999999858e+01
2.416499999999999915e+01
2.417999999999999972e+01
2.419500000000000028e+01
2.421000000000000085e+01
2.422499999999999787e+01
2.423999999999999844e+01
2.425499999999999901e+01
2.426999999999999957e+01
2.428500000000000014e+01
2.429999999999999716e+01
2.431499999999999773e+01
2.432999999999999829e+01
2.434499999999999886e+01
2.435999999999999943e+01
2.437500000000000000e+01
2.439000000000000057e+01
2.440499999999999758e+01
2.441999999999999815e+01
2.443499999999999872e+01
2.444999999999999929e+01
2.446499999999999986e+01
2.447999999999999687e+01
2.449499999999999744e+01
2.450999999999999801e+01
2.452499999999999858e+01
2.453999999999999915e+01
2.455499999999999972e+01
2.457000000000000028e+01
2.458500000000000085e+01
2.459999999999999787e+01
2.461499999999999844e+01
2.462999999999999901e+01
2.464499999999999957e+01
2.466000000000000014e+01
2.467499999999999716e+01
2.468999999999999773e+01
2.470499999999999829e+01
2.471999999999999886e+01
2.473499999999999943e+01
2.475000000000000000e+01
2.476500000000000057e+01
2.477999999999999758e+01
2.479499999999999815e+01
2.480999999999999872e+01
2.482499999999999929e+01
2.483999999999999986e+01
2.485499999999999687e+01
2.486999999999999744e+01
2.488499999999999801e+01
2.489999999999999858e+01
2.491499999999999915e+01
2.492999999999999972e+01
2.494500000000000028e+01
2.496000000000000085e+01
2.497499999999999787e+01
2.498999999999999844e+01
2.500499999999999901e+01
2.501999999999999957e+01
2.503500000000000014e+01
2.504999999999999716e+01
2.506499999999999773e+01
2.507999999999999829e+01
2.509499999999999886e+01
2.510999999999999943e+01
2.512500000000000000e+01
2.514000000000000057e+01
2.515499999999999758e+01
2.516999999999999815e+01
2.518499999999999872e+01
2.519999999999999929e+01
2.521499999999999986e+01
2.522999999999999687e+01
2.524499999999999744e+01
2.525999999999999801e+01
2.527499999999999858e+01
2.528999999999999915e+01
2.530499999999999972e+01
2.532000000000000028e+01
2.533499999999999730e+01
2.534999999999999787e+01
2.536499999999999844e+01
2.537999999999999901e+01
2.539499999999999957e+01
2.541000000000000014e+01
2.542499999999999716e+01
2.543999999999999773e+01
2.545499999999999829e+01
2.546999999999999886e+01
2.548499999999999943e+01
2.550000000000000000e+01
2.551500000000000057e+01
2.552999999999999758e+01
2.554499999999999815e+01
2.555999999999999872e+01
2.557499999999999929e+01
2.558999999999999986e+01
2.560499999999999687e+01
2.561999999999999744e+01
2.563499999999999801e+01
2.564999999999999858e+01
2.566499999999999915e+01
2.567999999999999972e+01
2.569500000000000028e+01
2.570999999999999730e+01
2.572499999999999787e+01
2.573999999999999844e+01
2.575499999999999901e+01
2.576999999999999957e+01
2.578500000000000014e+01
2.579999999999999716e+01
2.581499999999999773e+01
2.582999999999999829e+01
2.584499999999999886e+01
2.585999999999999943e+01
2.587500000000000000e+01
2.589000000000000057e+01
2.590499999999999758e+01
2.591999999999999815e+01
2.593499999999999872e+01
2.594999999999999929e+01
2.596499999999999986e+01
2.597999999999999687e+01
2.599499999999999744e+01
2.600999999999999801e+01
2.602499999999999858e+01
2.603999999999999915e+01
2.605499999999999972e+01
2.607000000000000028e+01
2.608499999999999730e+01
2.609999999999999787e+01
2.611499999999999844e+01
2.612999999999999901e+01
2.614499999999999957e+01
2.616000000000000014e+01
2.617499999999999716e+01
2.618999999999999773e+01
2.620499999999999829e+01
2.621999999999999886e+01
2.623499999999999943e+01
2.625000000000000000e+01
2.626500000000000057e+01
2.627999999999999758e+01
2.629499999999999815e+01
2.630999999999999872e+01
2.632499999999999929e+01
2.633999999999999986e+01
2.635499999999999687e+01
2.636999999999999744e+01
2.638499999999999801e+01
2.639999999999999858e+01
2.641499999999999915e+01
2.642999999999999972e+01
2.644500000000000028e+01
2.645999999999999730e+01
2.647499999999999787e+01
2.648999999999999844e+01
2.650499999999999901e+01
2.651999999999999957e+01
2.653500000000000014e+01
2.654999999999999716e+01
2.656499999999999773e+01
2.657999999999999829e+01
2.659499999999999886e+01
2.660999999999999943e+01
2.662500000000000000e+01
2.664000000000000057e+01
2.665499999999999758e+01
2.666999999999999815e+01
2.668499999999999872e+01
2.669999999999999929e+01
2.671499999999999986e+01
2.672999999999999687e+01
2.674499999999999744e+01
2.675999999999999801e+01
2.677499999999999858e+01
2.678999999999999915e+01
2.680499999999999972e+01
2.682000000000000028e+01
2.683499999999999730e+01
2.684999999999999787e+01
2.686499999999999844e+01
2.687999999999999901e+01
2.689499999999999957e+01
2.691000000000000014e+01
2.692499999999999716e+01
2.693999999999999773e+01
2.695499999999999829e+01
2.696999999999999886e+01
2.698499999999999943e+01
2.700000000000000000e+01
2.701500000000000057e+01
2.702999999999999758e+01
2.704499999999999815e+01
2.705999999999999872e+01
2.707499999999999929e+01
2.708999999999999986e+01
2.710499999999999687e+01
2.711999999999999744e+01
2.713499999999999801e+01
2.714999999999999858e+01
2.716499999999999915e+01
2.717999999999999972e+01
2.719500000000000028e+01
2.720999999999999730e+01
2.722499999999999787e+01
2.723999999999999844e+01
2.725499999999999901e+01
2.726999999999999957e+01
2.728500000000000014e+01
2.729999999999999716e+01
2.731499999999999773e+01
2.732999999999999829e+01
2.734499999999999886e+01
2.735999999999999943e+01
2.737500000000000000e+01
2.739000000000000057e+01
2.740499999999999758e+01
2.741999999999999815e+01
2.743499999999999872e+01
2.744999999999999929e+01
2.746499999999999986e+01
2.747999999999999687e+01
2.749499999999999744e+01
2.750999999999999801e+01
2.752499999999999858e+01
2.753999999999999915e+01
2.755499999999999972e+01
2.757000000000000028e+01
2.758499999999999730e+01
2.759999999999999787e+01
2.761499999999999844e+01
2.762999999999999901e+01
2.764499999999999957e+01
2.766000000000000014e+01
2.767499999999999716e+01
2.768999999999999773e+01
2.770499999999999829e+01
2.771999999999999886e+01
2.773499999999999943e+01
2.775000000000000000e+01
2.776500000000000057e+01
2.777999999999999758e+01
2.779499999999999815e+01
2.780999999999999872e+01
2.782499999999999929e+01
2.783999999999999986e+01
2.785499999999999687e+01
2.786999999999999744e+01
2.788499999999999801e+01
2.789999999999999858e+01
2.791499999999999915e+01
2.792999999999999972e+01
2.794500000000000028e+01
2.795999999999999730e+01
2.797499999999999787e+01
2.798999999999999844e+01
2.800499999999999901e+01
2.801999999999999957e+01
2.803500000000000014e+01
2.804999999999999716e+01
2.806499999999999773e+01
2.807999999999999829e+01
2.809499999999999886e+01
2.810999999999999943e+01
2.812500000000000000e+01
2.814000000000000057e+01
2.815499999999999758e+01
2.816999999999999815e+01
2.818499999999999872e+01
2.819999999999999929e+01
2.821499999999999986e+01
2.822999999999999687e+01
2.824499999999999744e+01
2.825999999999999801e+01
2.827499999999999858e+01
2.828999999999999915e+01
2.830499999999999972e+01
2.832000000000000028e+01
2.833499999999999730e+01
2.834999999999999787e+01
2.836499999999999844e+01
2.837999999999999901e+01
2.839499999999999957e+01
2.841000000000000014e+01
2.842499999999999716e+01
2.843999999999999773e+01
2.845499999999999829e+01
2.846999999999999886e+01
2.848499999999999943e+01
2.850000000000000000e+01
2.851500000000000057e+01
2.852999999999999758e+01
2.854499999999999815e+01
2.855999999999999872e+01
2.857499999999999929e+01
2.858999999999999986e+01
2.860499999999999687e+01
2.861999999999999744e+01
2.863499999999999801e+01
2.864999999999999858e+01
2.866499999999999915e+01
2.867999999999999972e+01
2.869500000000000028e+01
2.870999999999999730e+01
2.872499999999999787e+01
2.873999999999999844e+01
2.875499999999999901e+01
2.876999999999999957e+01
2.878499999999999659e+01
2.879999999999999716e+01
2.881499999999999773e+01
2.882999999999999829e+01
2.884499999999999886e+01
2.885999999999999943e+01
2.887500000000000000e+01
2.889000000000000057e+01
2.890499999999999758e+01
2.891999999999999815e+01
2.893499999999999872e+01
2.894999999999999929e+01
2.896499999999999986e+01
2.897999999999999687e+01
2.899499999999999744e+01
2.900999999999999801e+01
2.902499999999999858e+01
2.903999999999999915e+01
2.905499999999999972e+01
2.907000000000000028e+01
2.908499999999999730e+01
2.909999999999999787e+01
2.911499999999999844e+01
2.912999999999999901e+01
2.914499999999999957e+01
2.915999999999999659e+01
2.917499999999999716e+01
2.918999999999999773e+01
2.920499999999999829e+01
2.921999999999999886e+01
2.923499999999999943e+01
2.925000000000000000e+01
2.926500000000000057e+01
2.927999999999999758e+01
2.929499999999999815e+01
2.930999999999999872e+01
2.932499999999999929e+01
2.933999999999999986e+01
2.935499999999999687e+01
2.936999999999999744e+01
2.938499999999999801e+01
2.939999999999999858e+01
2.941499999999999915e+01
2.942999999999999972e+01
2.944500000000000028e+01
2.945999999999999730e+01
2.947499999999999787e+01
2.948999999999999844e+01
2.950499999999999901e+01
2.951999999999999957e+01
2.953499999999999659e+01
2.954999999999999716e+01
2.956499999999999773e+01
2.957999999999999829e+01
2.959499999999999886e+01
2.960999999999999943e+01
2.962500000000000000e+01
2.964000000000000057e+01
2.965499999999999758e+01
2.966999999999999815e+01
2.968499999999999872e+01
2.969999999999999929e+01
2.971499999999999986e+01
2.972999999999999687e+01
2.974499999999999744e+01
2.975999999999999801e+01
2.977499999999999858e+01
2.978999999999999915e+01
2.980499999999999972e+01
2.982000000000000028e+01
2.983499999999999730e+01
2.984999999999999787e+01
2.986499999999999844e+01
2.987999999999999901e+01
2.989499999999999957e+01
2.990999999999999659e+01
2.992499999999999716e+01
2.993999999999999773e+01
2.995499999999999829e+01
2.996999999999999886e+01
2.998499999999999943e+01
2.999249999999999972e+01
