sim	total_mean	CO2_mean	N2_mean	total_range	CO2_range	N2_range	T	mu_CO2	mu_N2	epsilon	phi_0	d	q_phi1	q_phi2	q_phi3	q_phi4	q_A1	q_A2	q_A3	q_A4
0001	194.56	19.39	175.17	0.46	1.19	0.85	269.7457	-8.0401	-2.5386	0.4858	581.0177	7.1354	0.0000	0.0000	0.0000	0.0000	0.0000	0.0000	0.0000	0.0000
0002	303.77	284.12	19.64	3.09	3.77	1.26	279.7872	-6.0687	-5.3301	0.1914	551.9680	9.9781	0.0000	0.0000	0.0000	0.0000	0.0000	0.0000	0.0000	0.0000
0003	393.93	367.88	26.04	5.15	8.50	3.89	397.6274	-1.9333	-1.6916	0.4918	405.2907	2.8283	0.0000	0.0000	0.0000	0.0000	0.0000	0.0000	0.0000	0.0000
0004	206.83	206.73	0.11	0.82	0.87	0.05	288.2710	-5.6659	-7.7785	0.0290	239.1942	2.4352	0.0000	0.0000	0.0000	0.0000	0.0000	0.0000	0.0000	0.0000
0005	224.73	212.85	11.88	1.55	2.29	0.81	384.0400	-5.8403	-4.6971	0.2698	969.0132	8.4634	0.0000	0.0000	0.0000	0.0000	0.0000	0.0000	0.0000	0.0000
0006	167.82	159.64	8.18	3.96	5.63	4.17	331.0124	-5.8108	-3.8420	0.4843	525.7664	2.0772	0.0000	0.0000	0.0000	0.0000	0.0000	0.0000	0.0000	0.0000
0007	151.51	146.78	4.72	0.39	0.50	0.14	256.5504	-6.9998	-6.9206	0.1686	448.5122	9.9880	0.0000	0.0000	0.0000	0.0000	0.0000	0.0000	0.0000	0.0000
0008	53.70	41.53	12.17	0.32	0.46	0.14	324.5883	-5.7619	-5.4096	0.4642	104.7699	4.9793	0.0000	0.0000	0.0000	0.0000	0.0000	0.0000	0.0000	0.0000
0009	222.51	13.79	208.72	0.28	0.16	0.37	383.5454	-6.1697	-2.8003	0.0709	57.0937	9.6497	0.0000	0.0000	0.0000	0.0000	0.0000	0.0000	0.0000	0.0000
0010	392.12	391.14	0.97	5.69	5.70	0.14	298.6213	-3.5343	-6.2598	0.3815	381.2461	9.9395	0.0000	0.0000	0.0000	0.0000	0.0000	0.0000	0.0000	0.0000
0011	274.19	243.58	30.61	1.64	9.85	9.55	201.3169	-6.5738	-3.0103	0.3094	211.5730	3.0058	0.0000	0.0000	0.0000	0.0000	0.0000	0.0000	0.0000	0.0000
0012	210.99	209.20	1.79	3.44	3.16	1.11	298.3587	-4.6755	-3.3545	0.2906	587.7184	3.2351	0.0000	0.0000	0.0000	0.0000	0.0000	0.0000	0.0000	0.0000
0013	102.20	52.43	49.78	0.60	1.14	0.55	323.0924	-4.0720	-2.8972	0.2267	3.3317	6.5721	0.0000	0.0000	0.0000	0.0000	0.0000	0.0000	0.0000	0.0000
0014	200.97	188.58	12.40	1.28	2.21	1.62	351.8294	-5.3979	-3.2348	0.2463	969.9504	8.1456	0.0000	0.0000	0.0000	0.0000	0.0000	0.0000	0.0000	0.0000
0015	170.56	169.90	0.66	1.88	2.03	0.79	358.0500	-5.7300	-3.5645	0.3217	357.6622	2.0632	0.0000	0.0000	0.0000	0.0000	0.0000	0.0000	0.0000	0.0000
0016	300.93	300.18	0.75	4.33	4.45	1.01	317.4139	-5.2267	-6.6886	0.1781	479.5875	2.7973	0.0000	0.0000	0.0000	0.0000	0.0000	0.0000	0.0000	0.0000
0017	431.77	383.16	48.61	7.11	7.47	6.34	333.2142	-4.2536	-2.9033	0.0268	783.5302	2.7186	0.0000	0.0000	0.0000	0.0000	0.0000	0.0000	0.0000	0.0000
0018	189.11	188.87	0.24	4.18	4.20	0.11	356.9375	-4.2932	-5.2728	0.1014	445.2916	3.3961	0.0000	0.0000	0.0000	0.0000	0.0000	0.0000	0.0000	0.0000
0019	237.82	104.47	133.35	1.36	3.00	1.81	302.9564	-5.3952	-3.4829	0.3608	22.6379	2.1789	0.0000	0.0000	0.0000	0.0000	0.0000	0.0000	0.0000	0.0000
0020	118.50	118.11	0.40	3.27	4.28	1.11	244.6335	-6.5274	-6.8482	0.3880	403.8919	4.2228	0.0000	0.0000	0.0000	0.0000	0.0000	0.0000	0.0000	0.0000
0021	297.31	286.67	10.64	6.28	5.09	4.48	244.0598	-4.7110	-2.7468	0.4693	667.9777	4.3021	0.0000	0.0000	0.0000	0.0000	0.0000	0.0000	0.0000	0.0000
0022	120.46	120.34	0.12	2.70	2.72	0.02	208.2675	-4.9620	-6.8053	0.0858	222.0575	4.4515	0.0000	0.0000	0.0000	0.0000	0.0000	0.0000	0.0000	0.0000
0023	294.02	293.78	0.24	1.68	1.75	0.12	267.3415	-3.1314	-5.9237	0.0809	530.3378	5.9011	0.0000	0.0000	0.0000	0.0000	0.0000	0.0000	0.0000	0.0000
0024	373.95	297.75	76.20	6.39	8.40	3.21	373.1774	-4.8545	-2.9618	0.3147	548.3551	2.9985	0.0000	0.0000	0.0000	0.0000	0.0000	0.0000	0.0000	0.0000
0025	254.59	250.87	3.72	2.70	2.88	0.33	231.6956	-8.2702	-7.5199	0.3604	694.9460	8.7222	0.0000	0.0000	0.0000	0.0000	0.0000	0.0000	0.0000	0.0000
0026	208.91	206.31	2.60	0.37	0.64	0.66	347.1518	-3.7383	-4.2558	0.4388	899.4679	9.3194	0.0000	0.0000	0.0000	0.0000	0.0000	0.0000	0.0000	0.0000
0027	317.06	303.42	13.65	3.23	4.82	1.59	302.2314	-5.9143	-5.8539	0.3129	382.8377	6.5107	0.0000	0.0000	0.0000	0.0000	0.0000	0.0000	0.0000	0.0000
0028	247.77	242.91	4.87	3.55	3.02	1.86	331.2418	-6.6016	-3.5157	0.3681	889.9157	4.9291	0.0000	0.0000	0.0000	0.0000	0.0000	0.0000	0.0000	0.0000
0029	229.05	189.21	39.84	4.40	17.88	18.08	306.6465	-7.9900	-1.6578	0.2675	752.1682	3.1309	0.0000	0.0000	0.0000	0.0000	0.0000	0.0000	0.0000	0.0000
0030	201.13	72.00	129.13	0.88	1.91	1.17	306.6672	-7.4472	-4.1168	0.2490	147.5155	2.3047	0.0000	0.0000	0.0000	0.0000	0.0000	0.0000	0.0000	0.0000
0031	199.30	194.52	4.78	1.85	2.57	0.72	283.4408	-7.7442	-6.0547	0.4827	240.9886	2.4518	0.0000	0.0000	0.0000	0.0000	0.0000	0.0000	0.0000	0.0000
0032	328.84	312.83	16.01	2.67	4.34	1.87	317.6068	-5.3736	-5.2035	0.3735	568.1217	8.2687	0.0000	0.0000	0.0000	0.0000	0.0000	0.0000	0.0000	0.0000
0033	209.27	59.85	149.41	1.47	4.05	2.58	246.0125	-7.8519	-3.6125	0.4850	587.7269	8.1657	0.0000	0.0000	0.0000	0.0000	0.0000	0.0000	0.0000	0.0000
0034	183.47	183.36	0.11	4.14	4.17	0.03	297.6232	-3.2614	-6.2849	0.0265	323.1524	4.4367	0.0000	0.0000	0.0000	0.0000	0.0000	0.0000	0.0000	0.0000
0035	234.47	234.09	0.38	3.16	3.20	0.04	234.0065	-9.0126	-9.2690	0.2918	781.1912	7.0086	0.0000	0.0000	0.0000	0.0000	0.0000	0.0000	0.0000	0.0000
0036	136.53	73.99	62.54	0.62	1.55	0.93	355.0216	-4.1483	-2.9943	0.2479	43.5630	5.0666	0.0000	0.0000	0.0000	0.0000	0.0000	0.0000	0.0000	0.0000
0037	117.80	105.86	11.94	3.19	11.90	15.09	264.4707	-2.9014	-5.8514	0.1404	737.6806	2.8593	0.0000	0.0000	0.0000	0.0000	0.0000	0.0000	0.0000	0.0000
0038	188.11	187.85	0.26	3.58	3.58	0.07	287.9531	-5.1849	-5.7880	0.4698	783.0639	5.8075	0.0000	0.0000	0.0000	0.0000	0.0000	0.0000	0.0000	0.0000
0039	280.08	255.73	24.35	2.82	5.17	2.98	370.4510	-5.9383	-4.4956	0.0214	689.0651	5.7859	0.0000	0.0000	0.0000	0.0000	0.0000	0.0000	0.0000	0.0000
0040	323.56	220.11	103.44	4.33	8.37	6.24	314.9700	-5.3904	-2.7305	0.0597	274.3899	2.7478	0.0000	0.0000	0.0000	0.0000	0.0000	0.0000	0.0000	0.0000
0041	286.67	277.23	9.44	9.61	12.98	3.37	234.6008	-4.3665	-3.3699	0.3529	402.5994	7.9759	0.0000	0.0000	0.0000	0.0000	0.0000	0.0000	0.0000	0.0000
0042	373.73	361.16	12.57	8.24	9.90	1.66	260.5188	-8.6193	-6.9552	0.2355	828.3450	4.2869	0.0000	0.0000	0.0000	0.0000	0.0000	0.0000	0.0000	0.0000
0043	225.20	223.56	1.64	4.44	4.35	1.10	315.8054	-3.2202	-3.0369	0.2566	508.7362	3.7998	0.0000	0.0000	0.0000	0.0000	0.0000	0.0000	0.0000	0.0000
0044	353.82	329.95	23.86	3.38	5.38	4.66	240.1049	-4.3013	-2.1844	0.4678	954.3714	6.8130	0.0000	0.0000	0.0000	0.0000	0.0000	0.0000	0.0000	0.0000
0045	166.63	166.46	0.17	4.34	4.35	0.05	222.9689	-5.8533	-8.0811	0.2663	427.2591	8.7976	0.0000	0.0000	0.0000	0.0000	0.0000	0.0000	0.0000	0.0000
0046	137.22	123.60	13.62	1.54	2.21	0.67	329.1412	-4.8336	-5.0739	0.4112	170.2806	9.4855	0.0000	0.0000	0.0000	0.0000	0.0000	0.0000	0.0000	0.0000
0047	250.40	249.99	0.41	3.02	3.01	0.04	225.4760	-6.4027	-8.7771	0.1850	21.0588	8.3636	0.0000	0.0000	0.0000	0.0000	0.0000	0.0000	0.0000	0.0000
0048	337.96	332.91	5.05	8.45	7.12	2.91	225.7767	-5.2574	-4.7682	0.0422	558.9647	2.9292	0.0000	0.0000	0.0000	0.0000	0.0000	0.0000	0.0000	0.0000
0049	241.85	236.28	5.57	2.97	4.49	2.67	286.9085	-3.3838	-2.5022	0.3160	751.7915	6.5293	0.0000	0.0000	0.0000	0.0000	0.0000	0.0000	0.0000	0.0000
0050	367.88	352.72	15.16	6.35	6.81	2.30	348.7273	-2.2585	-5.2663	0.4152	963.6791	2.5290	0.0000	0.0000	0.0000	0.0000	0.0000	0.0000	0.0000	0.0000
0051	281.99	275.96	6.04	5.33	3.85	4.68	284.5687	-5.1990	-5.1910	0.1202	644.9385	2.4295	0.0000	0.0000	0.0000	0.0000	0.0000	0.0000	0.0000	0.0000
0052	199.21	199.19	0.02	4.16	4.16	0.02	221.5915	-6.8341	-9.4957	0.3543	900.0455	3.7634	0.0000	0.0000	0.0000	0.0000	0.0000	0.0000	0.0000	0.0000
0053	72.16	61.02	11.14	0.34	0.38	0.04	338.1898	-7.1300	-6.3864	0.3389	368.5759	7.2427	0.0000	0.0000	0.0000	0.0000	0.0000	0.0000	0.0000	0.0000
0054	109.38	99.76	9.61	1.14	2.14	1.25	381.1248	-3.3506	-3.1087	0.3572	499.6947	8.9900	0.0000	0.0000	0.0000	0.0000	0.0000	0.0000	0.0000	0.0000
0055	291.78	291.06	0.71	3.89	4.42	0.53	225.6974	-7.8432	-6.5404	0.2520	996.5433	4.4914	0.0000	0.0000	0.0000	0.0000	0.0000	0.0000	0.0000	0.0000
0056	255.64	234.86	20.77	2.23	2.17	0.54	323.9770	-5.6811	-4.8045	0.4828	602.7180	8.0630	0.0000	0.0000	0.0000	0.0000	0.0000	0.0000	0.0000	0.0000
0057	202.30	136.65	65.65	1.41	4.50	3.56	302.5055	-6.2555	-3.0916	0.4603	460.3947	5.9379	0.0000	0.0000	0.0000	0.0000	0.0000	0.0000	0.0000	0.0000
0058	284.35	270.40	13.95	2.00	4.27	2.74	286.4592	-5.8487	-4.1966	0.0073	916.8773	8.3657	0.0000	0.0000	0.0000	0.0000	0.0000	0.0000	0.0000	0.0000
0059	346.02	342.42	3.60	2.10	2.31	0.34	269.5872	-7.2128	-7.2239	0.0578	950.6023	8.7641	0.0000	0.0000	0.0000	0.0000	0.0000	0.0000	0.0000	0.0000
0060	167.71	166.20	1.51	2.58	2.81	1.13	376.3310	-2.1200	-4.3586	0.0165	483.4014	8.5045	0.0000	0.0000	0.0000	0.0000	0.0000	0.0000	0.0000	0.0000
0061	96.88	75.74	21.14	0.46	0.88	0.42	361.7569	-5.9080	-4.8696	0.3236	525.4147	9.8886	0.0000	0.0000	0.0000	0.0000	0.0000	0.0000	0.0000	0.0000
0062	262.37	16.05	246.32	0.64	0.49	0.62	356.0187	-5.9148	-1.5291	0.0333	335.1537	6.0789	0.0000	0.0000	0.0000	0.0000	0.0000	0.0000	0.0000	0.0000
0063	145.46	6.63	138.82	0.68	0.30	0.72	212.5371	-11.0206	-3.6166	0.2168	886.1533	9.0838	0.0000	0.0000	0.0000	0.0000	0.0000	0.0000	0.0000	0.0000
0064	281.32	271.66	9.65	3.07	3.98	2.13	336.3042	-2.5001	-2.2048	0.1621	608.6954	6.8741	0.0000	0.0000	0.0000	0.0000	0.0000	0.0000	0.0000	0.0000
0065	256.56	253.62	2.93	5.17	6.84	2.24	230.9373	-6.9059	-4.8844	0.2408	710.2468	5.0134	0.0000	0.0000	0.0000	0.0000	0.0000	0.0000	0.0000	0.0000
0066	167.21	158.83	8.38	0.64	0.74	0.19	382.7521	-5.5355	-5.4605	0.0035	763.1563	9.5422	0.0000	0.0000	0.0000	0.0000	0.0000	0.0000	0.0000	0.0000
0067	270.60	270.30	0.30	9.20	10.24	1.07	333.9576	-2.9782	-5.5125	0.0461	971.4675	3.9703	0.0000	0.0000	0.0000	0.0000	0.0000	0.0000	0.0000	0.0000
0068	389.64	212.30	177.34	3.66	4.56	4.65	303.0429	-7.3398	-2.4458	0.4418	779.9660	2.7076	0.0000	0.0000	0.0000	0.0000	0.0000	0.0000	0.0000	0.0000
0069	311.10	141.69	169.41	3.10	11.04	8.73	245.4413	-5.7170	-2.7080	0.2976	43.7528	3.3159	0.0000	0.0000	0.0000	0.0000	0.0000	0.0000	0.0000	0.0000
0070	273.34	258.89	14.45	4.83	3.61	6.58	348.8665	-6.8470	-5.2149	0.4833	855.5642	2.2500	0.0000	0.0000	0.0000	0.0000	0.0000	0.0000	0.0000	0.0000
0071	271.76	186.55	85.21	1.10	4.43	3.80	366.9539	-4.7327	-1.8818	0.1887	939.2882	8.5335	0.0000	0.0000	0.0000	0.0000	0.0000	0.0000	0.0000	0.0000
0072	182.02	107.42	74.60	3.18	10.36	7.84	266.0210	-7.2372	-1.9403	0.1720	911.1855	8.2573	0.0000	0.0000	0.0000	0.0000	0.0000	0.0000	0.0000	0.0000
0073	244.40	219.86	24.54	1.80	2.28	1.52	364.6195	-5.5250	-3.6936	0.2928	698.5907	6.5512	0.0000	0.0000	0.0000	0.0000	0.0000	0.0000	0.0000	0.0000
0074	247.93	119.21	128.72	0.43	0.64	0.47	391.8571	-5.6406	-3.8382	0.0059	363.5546	5.9222	0.0000	0.0000	0.0000	0.0000	0.0000	0.0000	0.0000	0.0000
0075	213.02	212.71	0.31	3.51	3.56	0.05	280.1624	-5.7275	-7.8258	0.3555	507.6089	6.6779	0.0000	0.0000	0.0000	0.0000	0.0000	0.0000	0.0000	0.0000
0076	246.76	238.22	8.54	5.28	3.88	6.39	332.2916	-5.9984	-6.4123	0.5000	881.8464	2.4491	0.0000	0.0000	0.0000	0.0000	0.0000	0.0000	0.0000	0.0000
0077	246.92	10.00	236.92	1.05	0.16	1.08	362.4756	-6.6364	-1.7365	0.1004	436.7436	7.1235	0.0000	0.0000	0.0000	0.0000	0.0000	0.0000	0.0000	0.0000
0078	94.48	87.14	7.35	0.78	1.05	0.61	359.1421	-5.7297	-6.1436	0.1194	110.2334	3.6397	0.0000	0.0000	0.0000	0.0000	0.0000	0.0000	0.0000	0.0000
0079	133.08	60.07	73.01	0.60	2.99	2.50	366.1467	-5.1857	-2.4901	0.1513	545.3216	9.0149	0.0000	0.0000	0.0000	0.0000	0.0000	0.0000	0.0000	0.0000
0080	274.65	255.48	19.17	0.37	0.59	0.52	361.4900	-5.3370	-5.6382	0.1298	155.5169	2.8339	0.0000	0.0000	0.0000	0.0000	0.0000	0.0000	0.0000	0.0000
0081	177.82	174.42	3.40	4.26	3.54	1.62	359.2442	-5.7459	-4.2645	0.0633	466.3673	2.0485	0.0000	0.0000	0.0000	0.0000	0.0000	0.0000	0.0000	0.0000
0082	123.60	122.74	0.85	4.74	4.82	1.22	339.0314	-4.2686	-4.2099	0.3472	804.5709	5.5747	0.0000	0.0000	0.0000	0.0000	0.0000	0.0000	0.0000	0.0000
0083	91.20	80.44	10.76	1.25	3.74	2.99	376.9037	-3.9296	-1.4140	0.4973	623.6803	7.2641	0.0000	0.0000	0.0000	0.0000	0.0000	0.0000	0.0000	0.0000
0084	385.24	383.46	1.79	4.58	4.67	0.15	302.0877	-3.1639	-5.5747	0.0408	157.9031	9.6179	0.0000	0.0000	0.0000	0.0000	0.0000	0.0000	0.0000	0.0000
0085	29.41	11.85	17.56	0.12	0.13	0.08	251.5011	-9.5101	-6.0832	0.2345	389.4273	6.5433	0.0000	0.0000	0.0000	0.0000	0.0000	0.0000	0.0000	0.0000
0086	360.68	352.61	8.08	3.93	4.36	0.88	293.8909	-6.3164	-6.1496	0.1227	400.2207	2.7078	0.0000	0.0000	0.0000	0.0000	0.0000	0.0000	0.0000	0.0000
0087	167.29	166.81	0.47	1.49	1.55	0.07	317.6859	-2.3884	-5.3401	0.2964	377.2651	9.0405	0.0000	0.0000	0.0000	0.0000	0.0000	0.0000	0.0000	0.0000
0088	355.17	353.65	1.52	6.33	6.75	0.53	246.3610	-5.3062	-5.6575	0.1506	482.9879	4.8035	0.0000	0.0000	0.0000	0.0000	0.0000	0.0000	0.0000	0.0000
0089	149.28	149.27	0.02	3.89	3.89	0.01	264.5555	-3.2618	-8.0297	0.3639	493.1707	7.2853	0.0000	0.0000	0.0000	0.0000	0.0000	0.0000	0.0000	0.0000
0090	381.60	379.25	2.35	4.43	4.60	1.53	382.4335	-2.4411	-4.5855	0.1918	458.3786	4.0877	0.0000	0.0000	0.0000	0.0000	0.0000	0.0000	0.0000	0.0000
0091	197.10	196.74	0.36	4.01	3.96	0.07	338.0419	-5.4995	-5.8219	0.3049	627.0300	4.7818	0.0000	0.0000	0.0000	0.0000	0.0000	0.0000	0.0000	0.0000
0092	206.24	201.51	4.74	2.22	2.43	0.30	252.9326	-7.5927	-7.5305	0.0165	362.2009	6.9502	0.0000	0.0000	0.0000	0.0000	0.0000	0.0000	0.0000	0.0000
0093	131.73	130.40	1.33	2.15	2.48	0.78	378.9295	-4.4431	-4.1217	0.4424	923.6646	7.6586	0.0000	0.0000	0.0000	0.0000	0.0000	0.0000	0.0000	0.0000
0094	215.22	213.89	1.33	2.99	2.64	1.43	205.3251	-5.3042	-5.5422	0.4473	203.3514	7.5111	0.0000	0.0000	0.0000	0.0000	0.0000	0.0000	0.0000	0.0000
0095	306.68	300.17	6.51	4.68	5.18	0.51	289.0159	-6.2009	-7.1043	0.2111	299.8156	8.0134	0.0000	0.0000	0.0000	0.0000	0.0000	0.0000	0.0000	0.0000
0096	328.03	149.19	178.83	2.66	8.39	5.78	275.8585	-7.1941	-3.2939	0.0679	333.2360	3.3910	0.0000	0.0000	0.0000	0.0000	0.0000	0.0000	0.0000	0.0000
0097	165.93	164.13	1.80	5.63	6.03	3.34	355.4876	-3.8552	-5.6949	0.0030	500.5867	2.0999	0.0000	0.0000	0.0000	0.0000	0.0000	0.0000	0.0000	0.0000
0098	63.23	19.90	43.33	0.15	0.27	0.18	283.0842	-5.8471	-3.7708	0.4661	202.2669	9.9630	0.0000	0.0000	0.0000	0.0000	0.0000	0.0000	0.0000	0.0000
0099	351.98	219.16	132.82	1.23	3.84	4.26	331.0928	-6.7485	-3.0303	0.4208	725.6070	4.6001	0.0000	0.0000	0.0000	0.0000	0.0000	0.0000	0.0000	0.0000
0100	154.39	151.59	2.79	0.82	0.89	0.29	385.2203	-4.3971	-4.7946	0.3029	661.7945	8.0816	0.0000	0.0000	0.0000	0.0000	0.0000	0.0000	0.0000	0.0000
0101	408.58	408.56	0.03	11.39	11.39	0.01	266.3718	-3.2069	-8.4343	0.0855	521.3361	5.4668	0.0000	0.0000	0.0000	0.0000	0.0000	0.0000	0.0000	0.0000
0102	150.86	150.68	0.18	4.26	4.27	0.04	220.8684	-5.0925	-7.7968	0.4989	3.5015	9.2372	0.0000	0.0000	0.0000	0.0000	0.0000	0.0000	0.0000	0.0000
0103	245.88	214.31	31.56	2.82	12.06	13.50	346.9125	-6.5052	-2.3513	0.3154	682.0143	2.2330	0.0000	0.0000	0.0000	0.0000	0.0000	0.0000	0.0000	0.0000
0104	274.30	198.69	75.61	0.67	0.89	1.26	377.9200	-4.3767	-3.3300	0.3684	474.7068	9.4566	0.0000	0.0000	0.0000	0.0000	0.0000	0.0000	0.0000	0.0000
0105	154.16	143.47	10.69	3.76	8.06	6.96	392.1454	-2.3247	-2.2559	0.4640	510.0995	2.4195	0.0000	0.0000	0.0000	0.0000	0.0000	0.0000	0.0000	0.0000
0106	316.70	314.82	1.88	3.60	5.38	2.11	220.7569	-3.7500	-4.6851	0.4537	939.8227	5.2597	0.0000	0.0000	0.0000	0.0000	0.0000	0.0000	0.0000	0.0000
0107	199.44	106.37	93.07	0.74	1.57	0.91	399.4854	-4.7938	-3.7025	0.0690	155.8597	6.6373	0.0000	0.0000	0.0000	0.0000	0.0000	0.0000	0.0000	0.0000
0108	9.49	4.09	5.40	0.10	0.11	0.04	238.7412	-8.7290	-8.1129	0.4071	160.3121	8.5123	0.0000	0.0000	0.0000	0.0000	0.0000	0.0000	0.0000	0.0000
0109	346.62	22.78	323.83	0.91	1.53	1.46	310.8516	-6.9140	-1.6875	0.4708	952.4654	9.2072	0.0000	0.0000	0.0000	0.0000	0.0000	0.0000	0.0000	0.0000
0110	130.89	115.36	15.53	0.78	0.85	0.62	340.2715	-4.4890	-2.8455	0.1986	667.4221	8.9638	0.0000	0.0000	0.0000	0.0000	0.0000	0.0000	0.0000	0.0000
0111	163.57	157.47	6.10	1.24	1.49	0.27	352.7646	-3.9684	-4.8802	0.0940	387.8007	9.9448	0.0000	0.0000	0.0000	0.0000	0.0000	0.0000	0.0000	0.0000
0112	309.32	291.37	17.96	4.59	5.88	2.10	294.8748	-3.9192	-3.9979	0.3082	11.6120	5.9422	0.0000	0.0000	0.0000	0.0000	0.0000	0.0000	0.0000	0.0000
0113	255.47	247.81	7.67	2.59	3.67	5.19	224.6989	-4.7601	-3.1185	0.4480	342.5830	3.1188	0.0000	0.0000	0.0000	0.0000	0.0000	0.0000	0.0000	0.0000
0114	325.86	289.17	36.69	6.22	9.09	2.88	234.5057	-6.6666	-4.7917	0.4254	125.6928	6.1116	0.0000	0.0000	0.0000	0.0000	0.0000	0.0000	0.0000	0.0000
0115	370.96	363.03	7.93	5.49	6.51	2.33	281.4883	-4.5706	-3.2281	0.2160	959.3025	5.8521	0.0000	0.0000	0.0000	0.0000	0.0000	0.0000	0.0000	0.0000
0116	184.90	179.57	5.33	4.47	2.96	2.93	304.7519	-5.1703	-2.7561	0.2047	752.3967	3.6845	0.0000	0.0000	0.0000	0.0000	0.0000	0.0000	0.0000	0.0000
0117	402.96	402.11	0.85	6.78	6.49	0.35	260.4259	-5.7666	-6.2334	0.4888	878.6834	4.2153	0.0000	0.0000	0.0000	0.0000	0.0000	0.0000	0.0000	0.0000
0118	8.95	7.59	1.36	0.16	0.12	0.05	221.0227	-9.5269	-8.6857	0.1839	260.1439	5.3704	0.0000	0.0000	0.0000	0.0000	0.0000	0.0000	0.0000	0.0000
0119	338.85	316.32	22.52	2.72	4.75	2.02	304.3671	-3.7335	-3.4925	0.3570	157.8784	5.6172	0.0000	0.0000	0.0000	0.0000	0.0000	0.0000	0.0000	0.0000
0120	326.51	300.34	26.18	5.42	6.16	9.01	319.4106	-4.0512	-1.5757	0.1519	736.4774	3.6964	0.0000	0.0000	0.0000	0.0000	0.0000	0.0000	0.0000	0.0000
0121	269.93	260.23	9.70	3.53	4.82	1.78	268.4153	-6.1771	-5.0872	0.4485	703.3335	8.6968	0.0000	0.0000	0.0000	0.0000	0.0000	0.0000	0.0000	0.0000
0122	191.71	59.64	132.07	0.62	1.92	1.30	358.0707	-5.2281	-2.4673	0.4010	509.8271	9.3799	0.0000	0.0000	0.0000	0.0000	0.0000	0.0000	0.0000	0.0000
0123	220.38	219.48	0.91	1.61	2.61	1.03	387.0931	-3.0680	-5.7702	0.2136	467.1109	6.7785	0.0000	0.0000	0.0000	0.0000	0.0000	0.0000	0.0000	0.0000
0124	167.95	160.94	7.01	1.79	2.56	0.92	381.0290	-4.7471	-2.8739	0.3227	933.9450	7.7254	0.0000	0.0000	0.0000	0.0000	0.0000	0.0000	0.0000	0.0000
0125	149.56	24.71	124.85	0.34	0.60	0.42	386.5138	-4.0919	-1.4217	0.0428	233.7677	9.5193	0.0000	0.0000	0.0000	0.0000	0.0000	0.0000	0.0000	0.0000
0126	122.34	106.24	16.10	0.94	1.25	0.57	381.5961	-2.9578	-3.5261	0.4577	14.2684	5.5415	0.0000	0.0000	0.0000	0.0000	0.0000	0.0000	0.0000	0.0000
0127	61.82	5.02	56.80	0.21	0.05	0.19	206.8628	-9.1639	-6.0397	0.0038	66.4869	5.6019	0.0000	0.0000	0.0000	0.0000	0.0000	0.0000	0.0000	0.0000
0128	241.15	171.74	69.41	2.27	9.34	7.64	300.8480	-3.8017	-2.4422	0.2369	37.4196	6.9796	0.0000	0.0000	0.0000	0.0000	0.0000	0.0000	0.0000	0.0000
0129	312.78	235.90	76.88	1.19	4.57	3.79	351.8635	-7.0896	-3.6849	0.4957	779.6792	4.5015	0.0000	0.0000	0.0000	0.0000	0.0000	0.0000	0.0000	0.0000
0130	350.29	203.81	146.48	3.13	10.96	7.86	253.8984	-6.4123	-3.1086	0.3565	167.0491	2.3523	0.0000	0.0000	0.0000	0.0000	0.0000	0.0000	0.0000	0.0000
0131	383.72	381.67	2.05	2.51	2.47	0.20	280.1025	-7.2464	-7.7359	0.2642	709.9441	4.0755	0.0000	0.0000	0.0000	0.0000	0.0000	0.0000	0.0000	0.0000
0132	214.60	214.60	0.00	3.95	3.95	0.00	209.2224	-3.8569	-10.7398	0.4897	192.0495	6.6624	0.0000	0.0000	0.0000	0.0000	0.0000	0.0000	0.0000	0.0000
0133	85.70	5.44	80.26	0.11	0.08	0.18	285.0322	-8.5235	-4.6426	0.4850	68.1874	2.6322	0.0000	0.0000	0.0000	0.0000	0.0000	0.0000	0.0000	0.0000
0134	121.03	91.35	29.68	2.19	6.27	6.41	334.7855	-6.9161	-1.8439	0.2337	384.3482	2.4488	0.0000	0.0000	0.0000	0.0000	0.0000	0.0000	0.0000	0.0000
0135	196.88	195.38	1.50	2.78	2.84	0.22	288.0712	-3.4906	-5.5659	0.3917	59.4955	6.7392	0.0000	0.0000	0.0000	0.0000	0.0000	0.0000	0.0000	0.0000
0136	358.14	354.42	3.72	6.95	8.20	1.88	298.1482	-2.9020	-3.3108	0.0084	482.5832	2.9698	0.0000	0.0000	0.0000	0.0000	0.0000	0.0000	0.0000	0.0000
0137	50.02	1.96	48.06	0.10	0.03	0.11	282.8896	-8.1557	-3.8129	0.4721	267.7016	9.3323	0.0000	0.0000	0.0000	0.0000	0.0000	0.0000	0.0000	0.0000
0138	4.54	0.69	3.85	1.03	0.02	1.01	208.7465	-11.1471	-8.8287	0.2926	255.1737	5.4449	0.0000	0.0000	0.0000	0.0000	0.0000	0.0000	0.0000	0.0000
0139	61.76	9.75	52.01	0.22	0.25	0.20	280.9776	-8.2013	-3.8130	0.4346	397.6947	7.2654	0.0000	0.0000	0.0000	0.0000	0.0000	0.0000	0.0000	0.0000
0140	155.17	102.94	52.24	2.61	11.53	8.95	233.9216	-8.2794	-3.5902	0.2178	626.9166	7.5768	0.0000	0.0000	0.0000	0.0000	0.0000	0.0000	0.0000	0.0000
0141	400.26	399.33	0.93	7.35	7.31	1.55	222.5942	-5.2843	-6.1514	0.4550	870.8283	5.8116	0.0000	0.0000	0.0000	0.0000	0.0000	0.0000	0.0000	0.0000
0142	264.34	248.38	15.96	0.49	0.68	0.29	397.7433	-3.9562	-4.8356	0.0324	288.0895	7.9345	0.0000	0.0000	0.0000	0.0000	0.0000	0.0000	0.0000	0.0000
0143	122.17	121.68	0.49	1.66	1.74	0.08	262.7868	-4.1440	-6.3776	0.3905	216.7399	8.4645	0.0000	0.0000	0.0000	0.0000	0.0000	0.0000	0.0000	0.0000
0144	123.46	118.39	5.07	4.70	6.51	1.93	291.5850	-3.6262	-6.3338	0.1344	876.9235	3.2773	0.0000	0.0000	0.0000	0.0000	0.0000	0.0000	0.0000	0.0000
0145	324.64	26.12	298.52	0.41	0.60	0.41	390.8697	-6.0082	-1.8461	0.4646	303.2547	4.6139	0.0000	0.0000	0.0000	0.0000	0.0000	0.0000	0.0000	0.0000
0146	11.65	8.11	3.54	0.02	0.04	0.03	281.2603	-7.0446	-7.3340	0.2344	75.7636	6.1537	0.0000	0.0000	0.0000	0.0000	0.0000	0.0000	0.0000	0.0000
0147	66.57	26.34	40.23	0.14	0.68	0.80	301.4348	-6.2103	-3.5227	0.0477	455.9025	9.1009	0.0000	0.0000	0.0000	0.0000	0.0000	0.0000	0.0000	0.0000
0148	178.81	178.46	0.35	2.42	2.47	0.05	236.2348	-6.2191	-8.2187	0.1156	308.5727	7.9618	0.0000	0.0000	0.0000	0.0000	0.0000	0.0000	0.0000	0.0000
0149	193.62	164.04	29.58	2.02	4.23	2.22	373.6230	-6.4934	-4.5648	0.1776	783.3025	7.9568	0.0000	0.0000	0.0000	0.0000	0.0000	0.0000	0.0000	0.0000
0150	422.83	418.76	4.07	6.49	8.49	3.60	220.8356	-3.7708	-3.9767	0.3129	298.4799	6.2956	0.0000	0.0000	0.0000	0.0000	0.0000	0.0000	0.0000	0.0000
0151	299.51	295.91	3.59	1.57	1.66	0.22	370.1315	-3.2767	-5.6691	0.2440	69.2687	3.9193	0.0000	0.0000	0.0000	0.0000	0.0000	0.0000	0.0000	0.0000
0152	140.82	137.61	3.21	5.76	7.21	1.45	335.2573	-3.0622	-2.7899	0.1411	609.5523	7.1895	0.0000	0.0000	0.0000	0.0000	0.0000	0.0000	0.0000	0.0000
0153	183.49	183.05	0.44	5.59	6.60	1.05	229.3082	-9.5452	-9.6443	0.3194	389.5196	2.7447	0.0000	0.0000	0.0000	0.0000	0.0000	0.0000	0.0000	0.0000
0154	354.52	353.32	1.20	6.05	5.66	2.15	212.0442	-6.5484	-7.3438	0.2784	399.2813	2.1232	0.0000	0.0000	0.0000	0.0000	0.0000	0.0000	0.0000	0.0000
0155	289.28	286.09	3.20	3.94	2.03	2.29	225.3759	-10.0914	-9.3988	0.0446	762.4246	2.3643	0.0000	0.0000	0.0000	0.0000	0.0000	0.0000	0.0000	0.0000
0156	123.81	122.03	1.79	2.39	2.00	0.90	236.4083	-9.8017	-7.2636	0.3001	392.5819	4.4165	0.0000	0.0000	0.0000	0.0000	0.0000	0.0000	0.0000	0.0000
0157	278.84	3.73	275.11	0.87	0.11	0.81	268.0847	-8.8679	-2.4943	0.4033	417.0240	7.0203	0.0000	0.0000	0.0000	0.0000	0.0000	0.0000	0.0000	0.0000
0158	277.24	271.86	5.38	9.01	9.55	1.32	347.3018	-2.1775	-2.2100	0.2053	345.0475	2.4809	0.0000	0.0000	0.0000	0.0000	0.0000	0.0000	0.0000	0.0000
0159	202.80	2.16	200.64	0.45	0.09	0.45	256.5672	-8.9748	-2.2748	0.4182	393.8417	8.0625	0.0000	0.0000	0.0000	0.0000	0.0000	0.0000	0.0000	0.0000
0160	237.73	237.52	0.20	5.30	5.43	0.18	234.1388	-3.5657	-5.5681	0.0328	735.4330	5.1662	0.0000	0.0000	0.0000	0.0000	0.0000	0.0000	0.0000	0.0000
0161	232.30	232.18	0.12	3.81	3.83	0.06	291.3174	-4.5301	-6.5308	0.2901	675.0455	5.1492	0.0000	0.0000	0.0000	0.0000	0.0000	0.0000	0.0000	0.0000
0162	168.11	166.80	1.31	2.66	3.00	0.38	355.2634	-3.2320	-4.0391	0.1169	351.4022	4.7171	0.0000	0.0000	0.0000	0.0000	0.0000	0.0000	0.0000	0.0000
0163	307.57	291.96	15.60	1.41	2.01	1.06	368.2951	-5.0321	-4.3992	0.2352	686.8342	6.3175	0.0000	0.0000	0.0000	0.0000	0.0000	0.0000	0.0000	0.0000
0164	405.68	405.27	0.41	3.40	3.45	0.43	279.4325	-4.7981	-7.4411	0.2110	595.1395	2.4499	0.0000	0.0000	0.0000	0.0000	0.0000	0.0000	0.0000	0.0000
0165	146.10	143.69	2.41	3.72	4.84	2.31	339.2434	-3.9269	-2.2544	0.4812	498.6731	3.3901	0.0000	0.0000	0.0000	0.0000	0.0000	0.0000	0.0000	0.0000
0166	320.03	289.37	30.66	4.91	9.02	5.67	276.2358	-5.8076	-3.7023	0.1864	403.0629	4.7718	0.0000	0.0000	0.0000	0.0000	0.0000	0.0000	0.0000	0.0000
0167	315.88	313.94	1.93	6.38	6.73	0.35	256.2989	-7.4010	-8.2446	0.1661	471.9631	6.6251	0.0000	0.0000	0.0000	0.0000	0.0000	0.0000	0.0000	0.0000
0168	379.24	360.23	19.01	4.02	5.54	3.82	389.2688	-2.9199	-1.6685	0.4624	995.7134	3.8982	0.0000	0.0000	0.0000	0.0000	0.0000	0.0000	0.0000	0.0000
0169	189.58	189.36	0.23	3.58	3.75	0.28	322.9765	-3.5305	-6.4732	0.0402	829.5118	3.3855	0.0000	0.0000	0.0000	0.0000	0.0000	0.0000	0.0000	0.0000
0170	25.45	7.92	17.53	0.16	0.06	0.14	206.9835	-8.8648	-7.2935	0.1591	383.7865	9.7074	0.0000	0.0000	0.0000	0.0000	0.0000	0.0000	0.0000	0.0000
0171	138.37	117.99	20.38	1.79	3.56	1.79	339.7821	-2.4301	-1.7217	0.3448	391.8311	9.6717	0.0000	0.0000	0.0000	0.0000	0.0000	0.0000	0.0000	0.0000
0172	263.21	237.46	25.75	6.09	6.40	1.12	241.2879	-10.1109	-7.1236	0.1488	645.1197	3.6298	0.0000	0.0000	0.0000	0.0000	0.0000	0.0000	0.0000	0.0000
0173	247.86	234.90	12.97	2.08	2.62	1.55	372.3849	-5.0932	-4.9242	0.3075	313.2711	4.0204	0.0000	0.0000	0.0000	0.0000	0.0000	0.0000	0.0000	0.0000
0174	107.41	106.11	1.30	2.74	3.07	0.43	264.5165	-6.3878	-6.1080	0.1080	114.4712	2.2048	0.0000	0.0000	0.0000	0.0000	0.0000	0.0000	0.0000	0.0000
0175	198.54	198.09	0.45	5.47	6.64	1.17	291.9225	-3.8976	-5.4227	0.3061	954.1798	6.5176	0.0000	0.0000	0.0000	0.0000	0.0000	0.0000	0.0000	0.0000
0176	123.30	120.51	2.79	5.42	6.45	1.22	354.7599	-2.1226	-2.2427	0.4749	794.6566	8.1172	0.0000	0.0000	0.0000	0.0000	0.0000	0.0000	0.0000	0.0000
0177	311.12	306.31	4.81	3.89	5.26	2.40	334.7656	-6.3273	-4.0585	0.2703	908.7557	3.5267	0.0000	0.0000	0.0000	0.0000	0.0000	0.0000	0.0000	0.0000
0178	405.00	370.35	34.64	3.09	13.07	10.41	219.7752	-4.4980	-2.3045	0.4215	913.3182	9.8392	0.0000	0.0000	0.0000	0.0000	0.0000	0.0000	0.0000	0.0000
0179	40.30	30.07	10.23	0.16	0.17	0.05	304.4590	-7.7594	-7.3752	0.3403	214.1969	4.9615	0.0000	0.0000	0.0000	0.0000	0.0000	0.0000	0.0000	0.0000
0180	295.71	291.80	3.91	2.54	2.26	1.30	305.6903	-3.5732	-3.9755	0.1317	272.8603	3.2418	0.0000	0.0000	0.0000	0.0000	0.0000	0.0000	0.0000	0.0000
0181	197.76	8.43	189.33	0.09	0.10	0.12	382.5775	-6.4459	-2.5339	0.2982	96.9622	5.7563	0.0000	0.0000	0.0000	0.0000	0.0000	0.0000	0.0000	0.0000
0182	315.70	297.83	17.87	8.42	10.99	4.25	224.1708	-6.3656	-3.6417	0.3534	794.9710	8.0785	0.0000	0.0000	0.0000	0.0000	0.0000	0.0000	0.0000	0.0000
0183	173.36	159.47	13.89	0.76	1.04	0.28	302.9083	-6.7859	-6.0176	0.4982	496.0656	8.0955	0.0000	0.0000	0.0000	0.0000	0.0000	0.0000	0.0000	0.0000
0184	309.00	306.21	2.80	4.85	5.17	0.41	257.8687	-4.3769	-5.4078	0.2719	66.1030	5.6836	0.0000	0.0000	0.0000	0.0000	0.0000	0.0000	0.0000	0.0000
0185	312.29	312.01	0.28	6.35	6.38	0.06	297.4171	-4.1309	-6.7452	0.1730	753.8642	7.3289	0.0000	0.0000	0.0000	0.0000	0.0000	0.0000	0.0000	0.0000
0186	302.87	294.44	8.43	4.05	5.15	1.24	305.3549	-6.5099	-5.2495	0.3884	931.7029	7.4392	0.0000	0.0000	0.0000	0.0000	0.0000	0.0000	0.0000	0.0000
0187	294.78	293.81	0.97	4.56	4.62	0.18	298.5025	-3.5771	-4.5786	0.4605	716.2935	5.9006	0.0000	0.0000	0.0000	0.0000	0.0000	0.0000	0.0000	0.0000
0188	256.81	256.75	0.06	4.30	4.29	0.02	218.7110	-4.3045	-8.2482	0.1112	53.9374	8.3197	0.0000	0.0000	0.0000	0.0000	0.0000	0.0000	0.0000	0.0000
0189	302.64	299.73	2.92	3.34	3.79	0.56	379.6492	-4.1355	-5.3997	0.1260	680.6596	7.0085	0.0000	0.0000	0.0000	0.0000	0.0000	0.0000	0.0000	0.0000
0190	222.27	10.10	212.17	0.37	0.72	0.62	256.0467	-8.0747	-2.1333	0.2118	472.0712	6.6728	0.0000	0.0000	0.0000	0.0000	0.0000	0.0000	0.0000	0.0000
0191	265.52	97.10	168.42	0.80	1.66	1.24	380.6013	-4.6474	-3.1476	0.4817	3.4362	5.8977	0.0000	0.0000	0.0000	0.0000	0.0000	0.0000	0.0000	0.0000
0192	306.20	294.01	12.19	4.79	7.23	6.45	354.1273	-4.0003	-1.8558	0.3747	841.5101	4.3069	0.0000	0.0000	0.0000	0.0000	0.0000	0.0000	0.0000	0.0000
0193	292.03	286.65	5.38	6.27	5.88	0.84	264.6753	-6.6901	-5.2592	0.1881	393.1152	3.1952	0.0000	0.0000	0.0000	0.0000	0.0000	0.0000	0.0000	0.0000
0194	303.16	21.27	281.89	0.38	1.34	1.30	288.6106	-7.8842	-1.8637	0.1334	762.9513	6.7629	0.0000	0.0000	0.0000	0.0000	0.0000	0.0000	0.0000	0.0000
0195	33.98	4.95	29.03	0.06	0.05	0.09	353.7338	-6.7990	-4.3036	0.3706	221.8569	9.7137	0.0000	0.0000	0.0000	0.0000	0.0000	0.0000	0.0000	0.0000
0196	254.77	35.04	219.73	1.27	1.87	1.14	253.8039	-9.4695	-3.0776	0.1517	869.6415	6.7193	0.0000	0.0000	0.0000	0.0000	0.0000	0.0000	0.0000	0.0000
0197	367.23	365.78	1.45	4.79	5.71	1.04	322.5996	-2.7327	-4.3458	0.3840	609.9223	4.8493	0.0000	0.0000	0.0000	0.0000	0.0000	0.0000	0.0000	0.0000
0198	181.34	179.75	1.59	3.45	3.23	0.36	254.3845	-6.0309	-5.2807	0.3169	364.4561	4.2883	0.0000	0.0000	0.0000	0.0000	0.0000	0.0000	0.0000	0.0000
0199	198.89	198.15	0.74	3.45	3.51	0.07	212.5716	-7.9877	-9.1150	0.2399	202.4702	7.7197	0.0000	0.0000	0.0000	0.0000	0.0000	0.0000	0.0000	0.0000
0200	93.72	90.44	3.28	0.43	0.59	0.16	378.3570	-2.9609	-4.7865	0.2055	135.8512	9.3415	0.0000	0.0000	0.0000	0.0000	0.0000	0.0000	0.0000	0.0000
0201	486.48	420.77	65.71	8.32	32.19	26.50	340.7674	-2.4807	-3.5042	0.0000	0.0000	0.0000	18.6929	11.7677	23.4229	2.2837	43.5794	356.8878	644.2292	79.3275
0202	517.13	446.30	70.83	14.84	26.15	15.97	258.9586	-4.6870	-6.9956	0.0000	0.0000	0.0000	23.7848	2.3287	21.1824	28.1482	155.1687	432.2173	613.4004	651.9082
0203	339.32	243.15	96.17	11.28	14.69	17.80	211.9646	-10.4194	-6.4971	0.0000	0.0000	0.0000	2.0386	9.2233	14.0361	11.4886	442.1067	40.6713	588.1434	349.2631
0204	414.11	234.71	179.40	6.02	25.31	22.16	219.6398	-9.8039	-3.9399	0.0000	0.0000	0.0000	21.9847	7.3027	5.5588	8.7062	526.0813	104.4665	398.0747	83.1846
0205	502.82	419.67	83.15	10.12	23.82	17.60	356.6730	-2.1849	-2.1000	0.0000	0.0000	0.0000	14.2098	1.8810	9.1328	6.0822	207.6696	634.5800	174.1231	351.8551
0206	516.75	384.55	132.20	4.29	34.90	33.85	240.3601	-4.7292	-2.1236	0.0000	0.0000	0.0000	8.4195	1.8829	12.1281	25.5596	559.9257	483.3248	243.0918	470.7311
0207	462.38	442.49	19.89	5.83	14.15	8.79	351.0321	-2.9591	-5.7896	0.0000	0.0000	0.0000	15.2928	26.2378	15.0266	14.6400	223.6499	221.6250	135.6196	167.7772
0208	494.34	417.97	76.38	8.22	8.32	8.00	277.3440	-3.5290	-3.3336	0.0000	0.0000	0.0000	16.5858	23.4250	7.3017	24.8582	686.2692	304.9182	598.6187	318.8338
0209	489.02	353.19	135.83	6.96	44.18	40.85	386.1718	-4.6437	-2.2376	0.0000	0.0000	0.0000	5.6906	29.3879	14.8859	3.1389	413.2797	334.5780	318.9003	531.7456
0210	494.16	416.03	78.12	4.39	10.92	7.69	226.5343	-3.4055	-3.4372	0.0000	0.0000	0.0000	19.1849	10.9080	21.5929	19.1345	215.6628	124.9577	167.0076	223.8846
0211	519.29	455.83	63.46	5.93	12.57	11.28	273.5480	-3.4343	-5.0630	0.0000	0.0000	0.0000	5.4882	9.4328	28.9310	28.1539	468.1835	355.4017	132.2210	467.1545
0212	438.33	245.72	192.62	3.91	18.23	15.93	251.0714	-8.2539	-3.0148	0.0000	0.0000	0.0000	28.5386	1.6989	15.6063	19.9893	53.5012	535.3214	613.0181	31.8456
0213	501.14	313.20	187.94	6.52	19.99	13.81	263.3918	-6.9142	-2.3180	0.0000	0.0000	0.0000	5.4945	17.5841	23.4250	12.8535	656.5298	661.0837	489.4021	670.9144
0214	456.16	355.97	100.19	5.83	32.32	27.25	381.3658	-3.1811	-2.3352	0.0000	0.0000	0.0000	10.1075	10.1940	2.2448	21.3563	81.8738	566.7669	488.0095	18.4727
0215	519.69	445.72	73.96	2.01	14.54	13.17	222.9699	-5.7339	-6.7811	0.0000	0.0000	0.0000	28.4128	10.3260	29.2293	28.0575	19.5548	573.0647	574.0250	678.9021
0216	507.51	283.59	223.93	7.85	7.16	14.24	221.8925	-9.6694	-2.4366	0.0000	0.0000	0.0000	3.0543	2.6902	23.6921	7.1674	10.2892	118.4302	533.8536	695.8166
0217	497.25	445.39	51.86	8.10	26.58	23.07	261.7768	-4.0161	-7.4331	0.0000	0.0000	0.0000	10.1033	22.1764	4.7658	0.3300	338.5516	50.4375	663.4357	443.6891
0218	474.57	329.50	145.07	5.62	15.96	16.40	361.9206	-6.7250	-2.6100	0.0000	0.0000	0.0000	20.8085	18.8810	22.3279	22.1752	580.6487	536.4878	455.9995	635.8878
0219	522.71	440.13	82.58	7.07	13.47	6.40	358.1685	-3.1141	-4.3979	0.0000	0.0000	0.0000	15.1776	28.2503	6.7947	20.1800	226.6533	353.0093	323.8959	631.0308
0220	448.86	381.62	67.24	9.75	21.13	16.74	396.0202	-3.5557	-2.7479	0.0000	0.0000	0.0000	9.1173	2.1187	23.4767	10.9583	343.0522	448.1227	166.8218	138.8546
0221	444.80	378.22	66.58	5.64	13.26	9.85	252.2456	-6.4168	-4.4813	0.0000	0.0000	0.0000	1.3277	10.5944	22.8938	24.1844	183.2373	270.9535	294.0611	125.3549
0222	486.53	431.01	55.52	9.35	20.67	20.61	271.5601	-3.0647	-3.4219	0.0000	0.0000	0.0000	23.9835	28.9806	10.6259	23.5524	112.3407	44.2026	294.4645	219.0882
0223	414.46	349.43	65.04	7.33	23.98	27.12	210.3736	-10.8336	-9.0642	0.0000	0.0000	0.0000	4.6620	14.1460	26.0120	12.2494	319.5463	490.3325	470.7398	693.6647
0224	413.30	353.13	60.17	4.97	22.00	22.34	247.7873	-8.3196	-7.0409	0.0000	0.0000	0.0000	11.0966	22.0286	8.1361	5.9085	31.1786	229.2155	91.4061	341.4539
0225	471.39	309.61	161.77	6.28	30.84	33.43	353.4703	-5.8794	-2.2787	0.0000	0.0000	0.0000	27.5009	25.7261	11.4833	10.7326	339.1503	225.6092	108.2604	351.5487
0226	472.67	297.96	174.72	6.98	15.98	12.74	282.5247	-7.3848	-2.3869	0.0000	0.0000	0.0000	4.3941	17.0233	17.5681	28.1958	67.3063	403.8484	458.7156	277.6554
0227	416.39	347.20	69.18	10.27	26.74	21.22	320.6015	-7.7785	-6.9006	0.0000	0.0000	0.0000	19.4895	29.2352	20.0869	5.3662	693.5674	683.4844	602.5081	564.5755
0228	516.45	313.12	203.32	6.24	5.75	11.01	208.1877	-8.2222	-2.6449	0.0000	0.0000	0.0000	22.3780	29.8197	25.1232	1.9593	426.5710	99.9504	147.1989	637.3898
0229	385.62	352.04	33.58	9.07	13.89	6.26	313.4613	-7.5606	-5.1025	0.0000	0.0000	0.0000	13.9135	10.3734	13.7299	2.2553	611.8817	78.9044	153.0278	107.8986
0230	484.06	390.91	93.16	10.62	22.45	13.48	381.5275	-4.6070	-3.5914	0.0000	0.0000	0.0000	1.2563	13.4149	0.7304	14.0502	281.3750	380.2182	109.9917	578.2957
0231	493.22	372.65	120.57	12.12	32.58	24.55	311.2110	-4.0628	-2.1465	0.0000	0.0000	0.0000	25.0380	1.2929	27.0103	6.9990	289.5894	61.6573	238.0954	369.7967
0232	436.61	246.55	190.06	4.82	10.60	9.64	269.1817	-6.4913	-2.3400	0.0000	0.0000	0.0000	26.2778	15.0606	29.8555	20.4849	310.2856	442.9223	94.1051	11.8207
0233	418.87	279.76	139.12	1.86	13.27	13.81	306.1563	-5.3691	-2.8653	0.0000	0.0000	0.0000	20.7840	23.3400	16.0724	12.8577	104.5019	589.6871	102.3191	145.1273
0234	475.98	459.60	16.38	5.76	6.15	3.14	240.2567	-4.7556	-7.0129	0.0000	0.0000	0.0000	5.5632	28.8075	8.5878	5.8402	544.6541	429.8897	250.8337	10.9895
0235	430.96	421.03	9.92	9.48	9.15	1.37	261.3203	-5.7459	-6.0730	0.0000	0.0000	0.0000	13.0889	13.3097	17.1956	7.8514	591.1276	179.5337	105.4737	46.6456
0236	420.58	348.10	72.47	20.39	23.69	14.96	237.9663	-9.7175	-8.4526	0.0000	0.0000	0.0000	12.1348	21.3777	27.1902	17.3244	74.7544	265.3972	682.0810	696.1492
0237	303.15	284.15	19.00	16.72	21.24	14.06	214.9244	-11.0796	-10.0378	0.0000	0.0000	0.0000	3.4429	25.6348	19.6483	5.2161	119.4316	439.9781	545.6903	43.2267
0238	376.35	327.84	48.51	3.35	16.77	15.85	236.7461	-10.2675	-7.7810	0.0000	0.0000	0.0000	8.1952	19.2304	24.3319	1.3137	367.2851	59.8738	568.5980	282.9928
0239	472.78	371.20	101.58	11.78	17.84	9.59	203.2883	-7.1671	-4.1927	0.0000	0.0000	0.0000	22.9924	16.5781	10.1698	2.3649	558.4829	185.5248	481.1072	19.4131
0240	529.77	392.34	137.43	6.06	29.08	30.78	309.1135	-3.9358	-1.7243	0.0000	0.0000	0.0000	27.7391	20.9540	19.3068	4.3317	266.8179	388.2394	423.2690	640.1992
0241	467.33	316.15	151.18	7.74	19.09	25.52	250.2844	-8.7070	-3.7793	0.0000	0.0000	0.0000	21.5798	0.6172	13.5304	23.8168	443.3796	605.4738	433.3420	631.9993
0242	387.97	299.34	88.63	7.95	20.33	13.99	341.2912	-5.5423	-4.1756	0.0000	0.0000	0.0000	5.2513	9.3051	7.5097	14.8323	339.7279	148.8987	208.6650	158.0061
0243	493.18	263.66	229.52	6.73	17.08	15.46	219.3248	-9.1875	-2.4705	0.0000	0.0000	0.0000	2.6703	19.3263	23.9564	12.2824	440.2262	404.0558	429.0927	543.2395
0244	431.50	379.54	51.96	10.42	21.95	19.66	300.0305	-6.6670	-7.1500	0.0000	0.0000	0.0000	0.0510	28.7230	7.2192	5.6736	469.5641	166.3852	470.2617	425.8010
0245	497.75	405.42	92.33	7.08	13.80	15.14	251.8830	-3.7664	-2.9274	0.0000	0.0000	0.0000	19.9382	23.0776	23.3310	26.9446	111.5871	118.3487	501.5101	396.7091
0246	458.73	383.15	75.57	9.36	33.12	25.44	370.1791	-4.5830	-3.7555	0.0000	0.0000	0.0000	3.0512	3.1647	6.9654	7.7783	270.4952	391.2365	377.2253	368.1936
0247	527.47	457.81	69.66	10.79	9.99	11.05	371.5633	-2.1402	-5.8930	0.0000	0.0000	0.0000	10.1748	0.3050	26.0190	14.1507	415.5239	336.3324	648.0849	668.4162
0248	412.97	329.25	83.72	13.82	24.08	17.42	288.9049	-8.3375	-5.9855	0.0000	0.0000	0.0000	28.9983	8.9492	21.1782	12.3545	451.3760	6.9322	272.4195	587.7495
0249	494.26	407.43	86.83	11.57	26.55	18.55	361.0411	-4.1364	-3.9082	0.0000	0.0000	0.0000	17.4471	8.1169	20.5776	2.8175	593.7082	502.5537	670.8871	691.3953
0250	493.88	414.47	79.41	9.79	25.11	15.61	246.8493	-5.8634	-5.6624	0.0000	0.0000	0.0000	15.1249	13.7046	17.6904	19.4732	91.4141	305.0260	510.5297	575.2420
0251	479.72	357.81	121.91	9.25	20.63	13.97	344.2916	-3.4715	-1.6750	0.0000	0.0000	0.0000	11.6795	18.3932	27.5038	22.2098	391.8503	402.7961	136.6290	246.3653
0252	454.70	441.51	13.20	11.37	11.21	7.62	228.0544	-6.4374	-8.8895	0.0000	0.0000	0.0000	25.0740	27.6844	3.9428	18.7283	356.4934	699.5225	40.3521	158.7718
0253	528.16	453.34	74.82	4.97	11.30	10.02	380.3081	-2.8248	-5.1366	0.0000	0.0000	0.0000	12.0733	23.7458	7.4445	2.0603	458.7303	278.4275	16.5501	646.8749
0254	412.95	303.32	109.63	4.73	19.55	15.90	263.9195	-9.1486	-4.5273	0.0000	0.0000	0.0000	1.1151	3.3379	6.2966	18.1911	140.9583	129.3992	448.0165	318.8737
0255	494.01	437.22	56.80	5.79	21.98	19.11	205.6551	-4.5451	-5.6672	0.0000	0.0000	0.0000	8.7288	16.1865	17.1178	21.2366	468.8082	388.2190	506.2677	167.3138
0256	430.16	370.11	60.05	10.17	35.78	30.44	337.4706	-6.1442	-6.6112	0.0000	0.0000	0.0000	6.3294	26.7413	23.1922	9.0529	277.8727	187.9726	324.6305	434.2379
0257	495.75	432.46	63.29	4.86	14.81	13.34	319.6468	-2.7438	-4.7339	0.0000	0.0000	0.0000	20.8485	7.0958	16.2940	21.4183	263.4594	520.5991	453.1751	346.7372
0258	340.99	299.06	41.92	5.16	11.76	7.13	276.9690	-7.2367	-5.9790	0.0000	0.0000	0.0000	16.6399	26.6923	10.0564	23.1049	220.2566	93.4463	257.9942	120.4106
0259	402.26	369.91	32.35	6.55	22.57	16.02	237.4980	-8.6069	-9.0325	0.0000	0.0000	0.0000	22.1628	14.9797	23.0244	18.4811	530.6140	539.5207	133.7237	297.8825
0260	455.77	391.00	64.78	11.85	24.69	12.84	225.6821	-7.9772	-7.0599	0.0000	0.0000	0.0000	29.1630	28.1827	11.1727	5.1223	638.4672	651.6374	461.2289	380.7789
0261	464.66	389.11	75.55	8.78	9.79	12.55	251.6930	-7.0911	-6.3105	0.0000	0.0000	0.0000	26.3687	16.0317	19.8071	4.8387	524.8975	465.4837	514.8757	557.4807
0262	462.95	346.20	116.74	12.11	13.08	8.45	323.8827	-3.1357	-1.9272	0.0000	0.0000	0.0000	6.0564	24.9748	25.6025	0.1384	16.6896	402.7607	403.1337	150.7911
0263	470.59	399.74	70.84	11.65	20.68	13.44	354.5556	-5.1696	-6.0535	0.0000	0.0000	0.0000	14.1418	13.0821	27.5450	14.7566	678.3698	311.0025	148.3161	629.2014
0264	417.41	346.09	71.32	11.47	18.27	12.38	341.5766	-6.1550	-3.7874	0.0000	0.0000	0.0000	9.3346	11.1330	12.9457	13.6975	642.9871	637.1224	317.3823	133.6054
0265	484.03	368.60	115.44	7.87	22.61	14.74	233.1398	-7.8334	-4.7112	0.0000	0.0000	0.0000	27.2401	24.0607	3.9471	7.1314	49.5551	493.1005	220.7027	640.2378
0266	507.89	344.83	163.06	5.16	26.91	23.15	377.9324	-4.9879	-1.8131	0.0000	0.0000	0.0000	1.4198	11.0272	26.5317	29.0055	351.3256	287.0306	223.7834	657.2096
0267	445.79	339.93	105.86	12.20	15.28	8.05	254.9695	-6.1847	-4.1746	0.0000	0.0000	0.0000	9.3762	21.6073	29.3985	25.1637	0.4134	603.5808	597.9948	274.2188
0268	529.54	444.87	84.68	9.90	22.90	20.66	384.2532	-2.1054	-2.9364	0.0000	0.0000	0.0000	23.9062	0.6727	21.2828	2.4846	118.7409	112.4787	555.1123	641.5267
0269	424.20	253.16	171.04	8.96	26.99	21.69	279.1120	-8.8495	-3.3456	0.0000	0.0000	0.0000	28.5480	4.6847	26.4093	15.7306	95.3561	72.1597	657.3408	150.2405
0270	461.19	418.72	42.47	6.85	15.22	8.37	386.7704	-2.9279	-4.6186	0.0000	0.0000	0.0000	7.8505	10.0564	29.6805	2.1487	681.8263	291.8158	322.1742	196.2545
0271	529.74	450.55	79.20	8.45	21.55	17.83	216.5844	-3.9469	-5.5913	0.0000	0.0000	0.0000	8.6278	22.1657	5.2834	5.9854	421.3260	136.5004	317.0737	609.6896
0272	515.66	436.40	79.26	10.23	13.39	8.34	216.0224	-4.8862	-5.5724	0.0000	0.0000	0.0000	27.5969	13.2175	9.9430	26.2791	362.7024	420.9151	318.7366	511.7546
0273	468.21	362.53	105.68	8.06	21.67	13.84	215.8106	-9.0972	-5.4125	0.0000	0.0000	0.0000	20.3457	25.3383	21.3397	24.5970	94.6074	544.2603	297.9708	613.4209
0274	420.87	253.75	167.12	5.88	13.32	12.33	221.2858	-10.0855	-4.2513	0.0000	0.0000	0.0000	10.5580	16.2750	13.3727	12.8016	590.0045	129.1716	448.5735	298.6903
0275	444.84	303.18	141.66	12.34	24.65	12.31	302.3644	-8.0963	-3.4233	0.0000	0.0000	0.0000	28.6330	0.7254	21.1260	14.0017	195.3114	67.9012	637.7177	350.4962
0276	476.83	464.64	12.18	7.37	16.18	8.81	266.2667	-3.6569	-7.6592	0.0000	0.0000	0.0000	9.5977	5.3008	19.2267	10.6951	684.7849	649.0155	14.0532	128.7134
0277	453.58	399.41	54.18	6.86	23.95	17.26	314.0822	-5.3215	-5.0015	0.0000	0.0000	0.0000	29.5927	28.5025	22.7445	3.1607	104.6564	502.3867	542.7615	327.7128
0278	422.62	358.22	64.40	7.77	18.03	12.70	278.5164	-7.7837	-6.6445	0.0000	0.0000	0.0000	18.3601	2.0332	29.6839	6.4622	399.9846	525.6053	299.2047	502.9100
0279	444.18	350.83	93.35	7.95	14.95	15.78	354.2798	-6.1704	-3.9521	0.0000	0.0000	0.0000	17.9302	27.8492	27.9341	17.1148	434.5261	452.0280	325.2719	524.6720
0280	496.58	406.29	90.29	4.49	12.10	14.79	377.9660	-3.4111	-3.1274	0.0000	0.0000	0.0000	14.0971	23.9824	10.4589	3.5754	661.9093	676.5200	331.7436	506.9105
0281	470.12	431.03	39.09	5.63	15.89	16.74	251.7332	-4.8672	-5.7352	0.0000	0.0000	0.0000	28.4237	20.1786	2.1215	2.1481	257.3665	446.0145	380.5077	181.5389
0282	444.01	368.56	75.45	8.66	25.80	20.23	343.9280	-4.0844	-3.3811	0.0000	0.0000	0.0000	0.5692	25.7037	21.5360	7.9270	559.8956	377.5951	476.8213	28.9992
0283	339.00	330.76	8.24	8.03	8.43	2.81	284.1449	-7.3681	-7.8593	0.0000	0.0000	0.0000	23.2430	11.1571	21.6700	2.2141	646.7257	492.4470	261.3018	61.7684
0284	537.53	431.01	106.52	1.95	26.47	26.46	329.6592	-2.7692	-1.8835	0.0000	0.0000	0.0000	21.3291	4.6212	13.5247	7.9436	68.0096	587.9482	136.9051	615.4921
0285	504.89	444.61	60.28	11.78	29.44	19.44	341.0882	-2.6405	-6.0672	0.0000	0.0000	0.0000	7.9811	0.5411	6.2006	10.6409	403.6666	261.6554	678.6707	492.5446
0286	476.10	403.56	72.54	10.37	23.84	17.91	391.2437	-3.9235	-4.4011	0.0000	0.0000	0.0000	27.5643	9.6263	4.5312	18.8955	117.4443	530.8643	445.4994	490.4435
0287	449.49	375.69	73.80	10.85	17.90	21.60	380.2315	-6.0275	-5.3619	0.0000	0.0000	0.0000	7.4607	17.1683	28.5762	15.1926	101.1246	131.2438	619.7022	658.0062
0288	514.56	416.23	98.33	11.16	18.99	18.58	212.0889	-5.9461	-4.0304	0.0000	0.0000	0.0000	25.8334	17.7407	28.9893	5.1337	634.0694	132.5845	317.9162	549.6836
0289	464.61	321.10	143.51	11.86	12.65	7.84	256.7852	-7.0085	-3.4311	0.0000	0.0000	0.0000	21.6866	25.0375	21.7555	14.8118	323.2006	328.0509	66.4936	357.6949
0290	463.14	404.34	58.80	5.17	22.20	17.34	367.9753	-3.7090	-3.9950	0.0000	0.0000	0.0000	4.4140	17.9391	21.6824	16.6706	662.1067	591.8142	504.9365	165.6768
0291	518.43	395.23	123.21	4.66	25.91	21.55	291.6075	-3.4510	-2.0009	0.0000	0.0000	0.0000	23.5036	8.6277	6.9640	3.4623	527.2756	162.3203	223.8428	469.0405
0292	481.01	244.72	236.29	7.35	19.58	19.36	216.2563	-9.4247	-2.3508	0.0000	0.0000	0.0000	21.9589	10.4234	20.6620	9.6551	689.2777	248.8273	218.8789	321.8618
0293	480.06	414.77	65.29	8.85	33.06	25.14	299.2170	-5.5149	-6.4813	0.0000	0.0000	0.0000	15.9844	0.3379	11.4519	29.2355	47.5861	254.5920	307.4497	580.1891
0294	316.35	267.04	49.31	9.02	7.98	6.78	223.7351	-10.9070	-6.6931	0.0000	0.0000	0.0000	21.1236	4.7008	28.1036	3.8660	5.7207	66.5322	392.4233	22.6483
0295	478.71	401.58	77.13	6.82	9.89	10.48	351.8282	-4.4272	-4.4780	0.0000	0.0000	0.0000	2.7508	24.4225	4.9643	0.6872	160.2432	627.7015	215.9329	468.4616
0296	482.48	435.84	46.64	1.76	7.99	9.25	225.4131	-3.5779	-5.0208	0.0000	0.0000	0.0000	8.0148	27.4747	10.9282	26.3107	531.8571	128.3878	342.5588	183.5879
0297	408.25	341.71	66.54	22.63	31.43	12.44	249.6088	-9.3971	-7.6071	0.0000	0.0000	0.0000	21.0709	7.4655	19.8684	12.7355	51.3106	476.7360	656.2583	576.4533
0298	513.13	407.40	105.73	6.30	25.72	25.83	328.2666	-3.7710	-2.6850	0.0000	0.0000	0.0000	23.1417	29.4873	18.9942	18.1593	242.4850	636.8929	167.2924	516.8192
0299	386.60	350.61	35.99	11.21	25.38	14.17	245.6620	-8.7916	-8.3231	0.0000	0.0000	0.0000	1.1772	4.2013	5.7939	15.9953	102.5105	649.8530	578.7661	214.4892
0300	331.83	275.02	56.81	10.70	12.50	10.25	290.6701	-8.0406	-5.9372	0.0000	0.0000	0.0000	9.5625	22.4381	8.4141	17.1137	393.4690	604.5641	266.0489	189.0741
0301	434.10	323.50	110.60	11.78	22.40	16.12	315.9824	-6.1811	-3.2268	0.0000	0.0000	0.0000	17.6684	21.6656	8.9667	9.0970	598.8652	259.3644	246.1576	257.4485
0302	470.33	415.70	54.63	8.66	22.04	14.61	385.3488	-3.7651	-4.6373	0.0000	0.0000	0.0000	15.5840	13.2119	26.1837	17.4030	452.9889	556.3969	74.5174	336.9663
0303	460.78	344.64	116.14	6.85	40.22	37.54	367.0946	-6.5198	-3.5064	0.0000	0.0000	0.0000	3.2775	10.4749	22.9737	2.8862	251.7590	325.4691	17.0533	616.0118
0304	508.80	409.56	99.24	6.24	15.45	20.93	216.6363	-6.3005	-3.8881	0.0000	0.0000	0.0000	14.7507	29.8699	18.8286	2.0138	618.2715	570.5967	430.7394	523.6353
0305	484.06	414.26	69.80	7.47	11.07	12.09	319.8443	-2.5442	-2.6521	0.0000	0.0000	0.0000	11.6215	24.1955	11.3451	16.9772	423.1538	508.8013	551.9643	97.4866
0306	489.23	426.26	62.96	8.09	16.53	16.43	295.2089	-2.6869	-3.6501	0.0000	0.0000	0.0000	16.9883	23.3634	7.5576	7.0025	230.3133	560.2073	402.2737	162.0415
0307	420.52	366.35	54.17	6.31	21.77	15.46	390.2730	-3.9077	-3.6573	0.0000	0.0000	0.0000	15.6950	9.4763	8.9230	4.3972	229.9646	64.4518	343.3576	68.7926
0308	428.52	362.71	65.81	8.82	13.78	12.68	346.8709	-5.2078	-4.9716	0.0000	0.0000	0.0000	17.5668	2.4323	22.6907	20.7024	516.8344	94.5140	647.4944	391.5870
0309	436.75	358.84	77.91	5.53	22.65	20.38	360.1723	-4.1887	-3.6309	0.0000	0.0000	0.0000	1.3453	9.0716	20.5046	23.5791	28.3621	204.7343	680.6258	24.9858
0310	531.80	431.26	100.54	9.19	29.72	25.95	381.1072	-2.7655	-2.5968	0.0000	0.0000	0.0000	13.4602	28.5705	7.9820	29.8766	205.9093	314.3599	113.3597	651.6408
0311	444.47	334.41	110.05	7.51	16.48	17.43	260.8310	-8.1317	-4.8427	0.0000	0.0000	0.0000	12.0197	14.8860	12.2343	14.9867	10.7476	582.9992	398.2738	584.2598
0312	519.61	437.67	81.94	11.83	26.55	25.37	221.5024	-4.3437	-4.8000	0.0000	0.0000	0.0000	23.2708	20.3498	21.1609	6.3503	57.3495	384.3618	344.7280	552.4252
0313	488.94	306.67	182.27	8.61	12.29	16.39	367.5433	-6.1753	-1.7813	0.0000	0.0000	0.0000	0.7740	22.3172	12.5534	24.5552	171.0144	363.4483	144.7838	492.6676
0314	501.44	427.14	74.29	9.70	30.89	23.25	389.1047	-2.2960	-2.7949	0.0000	0.0000	0.0000	17.2547	21.2809	9.2787	13.0461	352.1257	339.3783	521.6588	438.0231
0315	467.84	399.00	68.84	7.30	27.45	21.55	367.7062	-4.9078	-5.1632	0.0000	0.0000	0.0000	21.8581	23.8721	15.3535	22.4509	1.2174	555.0466	642.6930	366.1192
0316	436.99	357.29	79.70	7.88	8.44	5.47	331.5086	-4.8862	-4.5240	0.0000	0.0000	0.0000	29.4514	28.6863	5.2093	22.7124	532.4546	664.9958	665.8528	366.1195
0317	439.48	409.15	30.34	9.87	13.05	8.07	360.9919	-4.0319	-5.8495	0.0000	0.0000	0.0000	25.1566	6.5338	26.0321	22.8882	220.2544	607.5058	560.3781	21.7575
0318	479.91	395.45	84.46	9.27	26.37	27.64	359.6496	-4.7384	-4.3904	0.0000	0.0000	0.0000	6.8689	20.7786	26.3037	22.5005	114.1499	155.1684	648.7307	573.6927
0319	406.56	243.82	162.73	10.80	25.76	17.13	256.8630	-8.9193	-3.8866	0.0000	0.0000	0.0000	8.9604	3.7323	12.2325	17.0095	192.0927	227.0008	650.5356	68.4745
0320	501.96	444.07	57.89	10.86	25.29	19.06	227.7330	-4.4350	-7.6225	0.0000	0.0000	0.0000	17.9078	13.6947	7.6002	15.2089	384.8819	536.1969	615.6805	428.4938
0321	380.11	355.45	24.66	15.09	17.23	6.47	334.3558	-5.7633	-6.4951	0.0000	0.0000	0.0000	21.8339	6.3884	6.7528	25.6112	657.7110	590.8563	454.4872	16.9799
0322	458.11	273.44	184.67	6.40	17.35	18.78	232.9606	-10.2428	-3.5623	0.0000	0.0000	0.0000	23.7558	21.7661	25.5745	13.5846	679.4984	252.4700	134.3968	415.7096
0323	440.01	333.19	106.83	11.82	23.64	15.01	206.0105	-10.0221	-6.0303	0.0000	0.0000	0.0000	24.3764	2.5026	23.8992	15.6615	355.0717	324.7728	20.4079	478.5206
0324	465.08	263.95	201.13	5.10	14.34	11.27	318.0967	-7.6812	-1.9697	0.0000	0.0000	0.0000	26.8829	0.4966	25.3715	22.6167	614.0342	632.6069	330.5261	394.3768
0325	457.62	390.10	67.52	11.82	18.96	7.45	397.6750	-4.7344	-5.0414	0.0000	0.0000	0.0000	12.4698	18.6512	1.1024	12.1101	394.0532	626.5631	387.2256	394.1249
0326	319.40	298.90	20.50	5.09	6.04	0.94	338.7624	-6.7760	-6.0320	0.0000	0.0000	0.0000	12.4497	1.9439	19.6673	14.8161	318.3590	229.2112	134.1452	56.8739
0327	425.11	296.65	128.46	4.86	33.26	28.41	303.2716	-8.0979	-3.8362	0.0000	0.0000	0.0000	9.2133	14.8368	20.3239	1.8161	486.5544	118.1398	158.2230	355.7868
0328	454.70	393.31	61.39	11.86	20.94	18.30	367.9111	-5.1044	-5.1386	0.0000	0.0000	0.0000	8.6396	3.7342	13.2810	19.6412	89.7858	510.3516	507.1354	326.9801
0329	455.31	402.86	52.45	5.16	23.58	19.03	343.9487	-3.4914	-4.1979	0.0000	0.0000	0.0000	15.9861	15.1482	11.3824	21.5947	459.5498	538.0800	238.5398	223.5925
0330	434.36	362.85	71.52	16.97	30.72	16.57	346.6316	-6.6906	-6.2276	0.0000	0.0000	0.0000	6.4011	25.6996	21.8658	15.6626	669.1200	657.5967	240.7622	633.8368
0331	445.00	313.23	131.76	4.65	16.91	13.97	274.3135	-7.2039	-3.2437	0.0000	0.0000	0.0000	21.2276	20.7733	3.3580	18.7027	217.7770	185.8531	352.8445	185.7678
0332	516.86	441.43	75.44	7.83	37.86	33.41	278.5556	-4.4450	-5.8789	0.0000	0.0000	0.0000	15.5352	23.6032	7.0135	5.4301	65.4792	555.0254	120.7059	587.4861
0333	539.10	455.17	83.93	10.96	29.08	26.69	332.1234	-2.5508	-3.6034	0.0000	0.0000	0.0000	0.8219	15.8731	16.5538	18.6170	589.2247	617.1383	91.1462	665.5855
0334	486.77	416.06	70.70	9.89	10.42	19.06	225.5126	-5.7123	-4.4530	0.0000	0.0000	0.0000	24.9762	1.3363	2.6652	8.7920	650.6280	488.4504	663.2079	116.3274
0335	473.59	400.48	73.11	8.13	15.28	12.84	277.4181	-3.6965	-2.6713	0.0000	0.0000	0.0000	13.4170	29.8137	6.8923	18.1392	605.2585	20.6259	151.4315	174.4711
0336	394.01	319.33	74.67	10.95	18.41	13.55	266.4506	-9.1197	-6.0812	0.0000	0.0000	0.0000	10.4463	23.0737	29.1763	22.6820	188.9504	470.8055	485.1388	413.8070
0337	446.81	404.28	42.53	11.00	26.92	15.92	299.3612	-5.0698	-5.4452	0.0000	0.0000	0.0000	10.4810	0.3981	10.1647	27.1066	311.8092	136.3795	272.3155	240.7522
0338	406.76	326.93	79.83	10.77	25.05	14.76	270.9923	-9.0461	-5.6804	0.0000	0.0000	0.0000	8.3579	26.4641	23.8291	3.3104	478.1589	130.1959	75.3688	474.1959
0339	477.91	435.75	42.16	8.95	17.91	15.33	279.4180	-3.9412	-4.6070	0.0000	0.0000	0.0000	12.0301	5.3995	6.8393	6.1618	255.9629	390.4794	18.7959	196.4601
0340	504.63	410.78	93.85	10.48	16.53	12.59	358.6551	-2.3951	-2.1246	0.0000	0.0000	0.0000	5.8640	10.8253	0.2839	23.3693	336.8300	543.4860	682.0440	272.5145
0341	448.67	295.94	152.74	4.50	24.92	22.62	336.3724	-6.7234	-1.8229	0.0000	0.0000	0.0000	12.5647	21.3866	1.8805	17.2219	319.5663	438.6876	134.2740	148.3461
0342	451.86	367.30	84.56	4.25	4.03	5.67	360.3445	-3.3615	-3.0248	0.0000	0.0000	0.0000	14.1171	25.8858	27.9651	15.8677	429.6230	664.2330	338.3717	183.9807
0343	491.42	438.34	53.07	5.20	9.91	7.61	254.4474	-4.2999	-7.4502	0.0000	0.0000	0.0000	12.3880	3.6945	9.4205	4.9788	88.9812	528.9683	584.6330	251.1265
0344	503.81	413.48	90.33	8.60	32.66	24.87	352.4374	-2.9015	-2.8401	0.0000	0.0000	0.0000	14.6235	11.4567	14.6256	22.3597	624.9394	409.8862	113.6187	380.7032
0345	487.41	441.10	46.31	3.92	11.95	11.67	252.8529	-3.4344	-7.5566	0.0000	0.0000	0.0000	11.0639	7.8439	12.0090	21.7459	108.2972	239.1594	442.3271	278.3079
0346	472.51	398.34	74.17	5.82	21.10	15.56	283.7177	-6.2451	-5.4304	0.0000	0.0000	0.0000	5.9919	27.1697	24.7507	24.6308	464.0866	424.7131	522.6193	500.5438
0347	486.32	427.08	59.24	7.40	8.69	7.73	221.3861	-3.8722	-3.5411	0.0000	0.0000	0.0000	4.8027	21.9257	3.9239	28.1502	107.1260	653.7239	205.7324	136.5201
0348	445.74	436.82	8.92	9.32	9.13	2.06	350.5060	-3.0743	-5.7043	0.0000	0.0000	0.0000	25.0116	1.8022	27.5487	8.2606	61.8409	467.8228	221.9341	2.4492
0349	513.59	434.04	79.55	7.59	29.31	23.24	319.4914	-4.1468	-4.8212	0.0000	0.0000	0.0000	20.0131	5.4899	17.6236	0.2605	8.5714	657.7508	109.9888	623.4188
0350	468.03	418.53	49.50	14.80	29.31	15.85	319.8934	-4.4082	-5.1908	0.0000	0.0000	0.0000	17.3898	24.2003	29.8844	3.2481	109.6094	633.9830	492.3414	319.8119
0351	471.75	426.04	45.71	5.25	16.75	15.73	209.1009	-6.9259	-7.3756	0.0000	0.0000	0.0000	14.2952	7.9579	1.4252	21.0947	337.3908	515.8498	586.0362	214.8447
0352	493.18	314.60	178.58	10.57	23.81	13.44	296.7294	-6.8466	-2.4486	0.0000	0.0000	0.0000	7.6987	12.3898	13.3243	19.9265	357.4571	108.7166	531.2777	678.4613
0353	390.14	377.43	12.71	5.59	8.43	4.09	336.4985	-5.2406	-6.6184	0.0000	0.0000	0.0000	6.4365	16.4141	23.1942	10.5828	427.4706	470.2091	192.4180	120.4047
0354	464.84	420.59	44.24	5.97	29.58	26.85	253.9973	-5.2014	-5.3920	0.0000	0.0000	0.0000	27.0592	18.6403	18.5778	6.6404	594.2563	74.4751	489.2149	53.1932
0355	434.64	386.05	48.59	11.38	24.74	15.56	284.7493	-7.0244	-7.8498	0.0000	0.0000	0.0000	7.5833	22.7105	25.0667	9.4140	379.9388	668.2658	413.6726	445.4998
0356	477.51	444.23	33.28	5.26	3.33	7.05	253.9669	-4.4742	-8.3111	0.0000	0.0000	0.0000	26.0778	5.0398	20.9976	21.2050	475.4092	327.0030	277.2014	209.9779
0357	430.93	353.25	77.69	16.00	33.61	17.70	248.7099	-8.5054	-6.7037	0.0000	0.0000	0.0000	12.4717	21.8981	12.5109	29.1712	608.4640	539.4178	59.6341	510.6596
0358	476.20	382.15	94.05	5.49	27.41	23.77	331.2326	-3.0433	-1.9745	0.0000	0.0000	0.0000	19.9362	11.7657	28.0861	26.4823	273.9551	533.8691	424.7274	244.6853
0359	461.25	362.22	99.03	5.61	24.97	21.03	275.1379	-6.0771	-4.0481	0.0000	0.0000	0.0000	19.4608	4.7843	13.0107	21.0411	399.6048	122.6762	405.1048	392.5180
0360	479.13	315.92	163.21	9.59	19.11	14.73	376.3404	-5.8764	-1.8811	0.0000	0.0000	0.0000	28.2926	9.7795	3.3687	18.6888	288.2938	413.3516	343.0557	409.5124
0361	453.60	382.31	71.29	2.70	12.63	13.53	316.8731	-5.9485	-5.7292	0.0000	0.0000	0.0000	7.2331	4.2406	17.6888	8.9932	77.9056	53.8396	109.1248	491.1927
0362	411.49	183.76	227.73	2.08	9.44	9.47	224.1506	-8.9750	-3.3575	0.0000	0.0000	0.0000	28.0376	24.5339	18.4775	6.1297	434.0326	503.1073	303.6834	2.2870
0363	457.12	259.67	197.45	7.04	6.61	7.22	214.6179	-9.9582	-3.5564	0.0000	0.0000	0.0000	20.5246	3.0527	3.7559	26.1921	83.6640	56.7054	641.7242	265.9001
0364	469.33	397.65	71.67	16.38	34.27	24.10	212.9338	-8.0663	-6.4979	0.0000	0.0000	0.0000	15.0770	1.6923	29.4412	2.5792	559.2544	673.5875	679.1021	546.6252
0365	459.54	378.09	81.44	7.80	18.50	13.64	379.2329	-4.4969	-3.7661	0.0000	0.0000	0.0000	17.1216	4.2479	2.5717	26.4226	633.1043	22.4755	371.4871	364.0378
0366	481.41	455.30	26.11	7.34	12.67	9.63	314.3494	-2.7922	-5.9322	0.0000	0.0000	0.0000	15.9770	26.2199	19.8898	26.2088	416.7367	222.3564	123.4459	211.8105
0367	466.62	406.73	59.89	8.69	17.62	17.03	336.9735	-5.1427	-6.2286	0.0000	0.0000	0.0000	22.8870	26.1785	8.3895	17.9158	661.7390	382.1830	403.1300	506.3256
0368	482.66	330.18	152.48	14.10	34.05	20.84	226.3278	-8.4595	-4.0249	0.0000	0.0000	0.0000	12.9607	24.5505	8.0268	15.9114	109.0313	48.8285	14.2121	567.8218
0369	462.38	358.42	103.95	10.76	30.17	25.36	391.7715	-5.7708	-4.0947	0.0000	0.0000	0.0000	29.4486	4.7404	9.2626	17.9338	145.8958	90.0192	367.9729	675.8856
0370	526.08	448.86	77.22	8.65	43.34	41.17	324.8470	-2.7211	-4.1201	0.0000	0.0000	0.0000	24.0525	8.0428	12.0717	6.8009	608.6849	568.5844	34.5162	501.1397
0371	494.48	361.33	133.15	6.58	22.93	19.66	372.3299	-3.9161	-2.0894	0.0000	0.0000	0.0000	10.8750	9.1378	22.9963	12.9676	420.9467	43.5320	210.4290	465.7571
0372	434.60	343.57	91.04	8.82	20.82	13.18	316.2194	-4.8114	-3.3711	0.0000	0.0000	0.0000	21.3935	10.9527	3.9167	3.7853	130.8510	497.7600	508.3414	50.5208
0373	523.65	429.69	93.96	11.33	29.75	27.63	204.9280	-4.2313	-3.1351	0.0000	0.0000	0.0000	19.6236	25.6183	15.6721	28.1614	513.5846	346.9706	125.2603	553.1403
0374	497.70	439.02	58.68	14.84	24.51	14.32	390.8634	-2.1242	-3.3880	0.0000	0.0000	0.0000	29.7362	11.6928	10.9166	24.3786	479.1945	601.2822	603.2512	256.5223
0375	507.97	449.46	58.51	4.63	16.36	16.92	309.1335	-2.6279	-5.6225	0.0000	0.0000	0.0000	24.8028	26.7784	24.1275	13.2343	489.6090	611.0329	90.7406	356.4142
0376	482.08	345.87	136.21	6.07	25.14	21.40	329.0657	-4.4991	-2.2156	0.0000	0.0000	0.0000	26.0258	19.2902	23.8470	28.6332	109.2708	152.4387	499.9059	460.3798
0377	453.40	404.42	48.98	5.97	21.10	17.65	236.6240	-6.4881	-5.3718	0.0000	0.0000	0.0000	27.6266	10.6734	4.8997	27.8903	527.2181	23.5790	412.6080	126.2575
0378	460.74	392.83	67.91	15.83	34.27	18.52	301.3877	-4.7473	-4.9204	0.0000	0.0000	0.0000	13.9476	7.9602	22.7850	4.3750	147.7529	628.5355	604.0273	361.7758
0379	465.18	423.56	41.62	11.53	6.95	15.09	224.2161	-6.8685	-8.4668	0.0000	0.0000	0.0000	13.7128	15.0767	26.2658	16.2662	188.9516	362.9238	615.3495	135.2068
0380	402.00	220.21	181.79	8.58	19.34	11.43	223.6875	-9.7433	-4.1983	0.0000	0.0000	0.0000	19.1262	28.4285	19.8410	20.8545	291.1137	301.2920	166.5250	129.5936
0381	499.83	308.93	190.90	5.27	21.16	23.22	358.4034	-6.8338	-1.6619	0.0000	0.0000	0.0000	28.7937	29.3495	10.1975	29.5605	150.6419	579.6462	90.1581	562.8362
0382	389.94	299.82	90.12	8.97	19.43	13.73	343.6471	-6.9267	-4.4780	0.0000	0.0000	0.0000	5.8229	12.8545	14.9799	15.6822	113.0252	358.2132	490.6335	177.6264
0383	352.23	316.05	36.18	12.06	25.59	13.90	206.6843	-9.5659	-10.7016	0.0000	0.0000	0.0000	27.5246	0.6007	18.4663	15.5038	91.8510	364.7933	648.6189	217.7033
0384	510.40	403.93	106.48	10.40	43.99	33.59	328.3632	-3.5583	-2.5960	0.0000	0.0000	0.0000	5.7197	20.8856	6.4883	26.6196	17.9010	50.9670	629.0250	616.8883
0385	472.17	314.69	157.49	7.23	19.78	13.28	289.4227	-7.3994	-2.9705	0.0000	0.0000	0.0000	13.4858	17.4894	3.0468	19.3574	139.2019	247.0342	271.7101	539.2314
0386	507.40	419.30	88.10	12.77	29.47	26.06	396.5570	-2.3148	-2.6989	0.0000	0.0000	0.0000	13.2333	0.8573	28.2776	21.0848	365.1281	83.1993	29.9761	385.2063
0387	477.02	430.05	46.97	10.96	12.46	10.27	222.5557	-5.7293	-5.9761	0.0000	0.0000	0.0000	5.6220	20.4511	7.6847	9.5271	89.5016	188.8013	269.7995	256.3569
0388	438.70	300.16	138.54	5.94	11.59	17.16	214.1371	-10.2986	-4.9999	0.0000	0.0000	0.0000	3.0592	10.0076	9.1000	21.3940	102.7689	396.6523	394.4889	502.3321
0389	466.50	396.19	70.32	14.46	11.42	13.65	228.8827	-7.4733	-5.9026	0.0000	0.0000	0.0000	21.6113	20.7684	10.7919	20.4368	528.6866	582.3684	216.3408	400.7751
0390	516.83	454.30	62.53	11.92	18.44	14.16	320.7384	-2.4671	-5.4999	0.0000	0.0000	0.0000	3.4807	12.9450	14.7672	11.2692	441.3957	232.8481	236.0164	423.0181
0391	429.74	230.75	198.99	8.12	11.32	15.26	221.3315	-9.9252	-3.8559	0.0000	0.0000	0.0000	1.4273	10.4726	6.7181	24.7519	271.4608	436.9487	654.2485	361.8408
0392	434.85	386.93	47.92	4.34	14.73	13.66	227.3004	-8.1442	-8.4417	0.0000	0.0000	0.0000	14.7560	27.4736	23.0034	4.9263	352.6446	141.2185	631.1187	385.1591
0393	439.79	367.66	72.14	7.39	13.26	18.32	378.6641	-4.9565	-4.1035	0.0000	0.0000	0.0000	15.9397	15.6670	24.8026	1.3837	569.7897	538.9852	249.9790	363.2523
0394	496.43	432.66	63.77	8.99	29.70	21.06	223.2939	-7.2154	-9.2773	0.0000	0.0000	0.0000	27.0856	13.3662	13.2341	22.1197	649.5203	598.5248	340.5699	638.4288
0395	381.29	338.54	42.76	8.20	13.58	9.30	317.0020	-6.2438	-5.9264	0.0000	0.0000	0.0000	11.4635	23.1095	1.5368	7.5470	537.2265	284.7426	492.9086	78.6410
0396	446.83	332.88	113.95	7.40	13.55	13.64	286.6676	-7.8984	-4.6161	0.0000	0.0000	0.0000	7.9630	15.2515	12.8418	12.6978	405.4301	373.0432	163.7927	616.2834
0397	463.92	377.56	86.36	9.29	37.52	28.85	288.7125	-3.5829	-2.3935	0.0000	0.0000	0.0000	2.8569	11.0301	15.8409	25.4090	108.6818	35.4201	285.1856	79.1503
0398	454.98	433.35	21.63	8.18	9.29	3.99	360.1519	-2.6744	-4.5668	0.0000	0.0000	0.0000	2.5883	26.4906	8.7220	21.3055	622.0279	34.9076	333.0888	41.1283
0399	516.28	436.46	79.81	9.85	17.70	15.08	269.7032	-3.8108	-4.3833	0.0000	0.0000	0.0000	28.9001	0.4984	29.2627	18.3538	100.1627	311.3480	157.1943	503.8695
0400	486.29	422.62	63.67	10.13	16.35	12.20	292.4154	-5.0411	-5.9070	0.0000	0.0000	0.0000	0.6957	1.3781	17.1013	6.9810	695.4349	388.3906	507.0878	521.1483
